2.6315789473684212
3.3333333333333335
3.128205128205128
2.4285714285714284
3.5555555555555554
2.0
2.75
2.2857142857142856
1.6
3.9696969696969697
2.0714285714285716
3.108695652173913
4.0
3.4193548387096775
2.0
3.054054054054054
2.3333333333333335
3.2941176470588234
3.272727272727273
2.125
3.8476190476190477
3.985074626865672
3.1666666666666665
3.4
3.769230769230769
3.235294117647059
2.4444444444444446
3.3962264150943398
3.782608695652174
3.25
1.0
2.0
3.1818181818181817
2.3333333333333335
2.25
2.681159420289855
3.25
2.1818181818181817
2.875
2.96875
3.6666666666666665
2.3333333333333335
2.25
3.0
3.5
2.75
3.857142857142857
3.40625
2.9444444444444446
3.5
2.5294117647058822
2.973333333333333
3.295918367346939
2.7666666666666666
2.4893617021276597
3.8530259365994235
2.85
3.1538461538461537
3.8266253869969042
3.533333333333333
3.4545454545454546
3.038095238095238
3.4057971014492754
1.8
3.537142857142857
2.375
3.361111111111111
3.861344537815126
3.485294117647059
3.9590643274853803
2.0
2.5
3.0
2.5714285714285716
2.375
2.0
1.0
3.4
3.0
3.6
3.141025641025641
3.4074074074074074
2.7590361445783134
4.166666666666667
3.3174603174603177
4.0
3.0
3.96
2.4
4.407407407407407
4.136363636363637
4.266187050359712
3.9313725490196076
3.8
3.0
3.0
4.114285714285714
3.681159420289855
3.6769230769230767
3.8958333333333335
4.222929936305732
4.014084507042254
2.9166666666666665
2.75
3.6666666666666665
3.0
2.4
3.0
2.388888888888889
3.6666666666666665
2.7777777777777777
3.8333333333333335
2.6666666666666665
3.4
2.0
2.5
4.571428571428571
3.0
2.5
3.740740740740741
3.8469387755102042
4.0
4.0
2.5555555555555554
3.0
4.054945054945055
3.8181818181818183
3.945945945945946
5.0
3.8666666666666667
3.9148936170212765
4.0
4.13
4.0181818181818185
2.8275862068965516
2.263157894736842
2.5
2.7142857142857144
3.073170731707317
3.0
1.4
3.3125
2.6470588235294117
2.736842105263158
2.84375
2.4166666666666665
2.3846153846153846
2.4594594594594597
2.761904761904762
2.857142857142857
3.1506849315068495
2.8666666666666667
3.012987012987013
2.161290322580645
2.6666666666666665
2.0
3.269230769230769
2.6666666666666665
3.4444444444444446
3.564885496183206
3.1041666666666665
3.7333333333333334
3.2857142857142856
4.0
3.227272727272727
3.0526315789473686
3.1153846153846154
3.032258064516129
3.4761904761904763
2.5135135135135136
2.793103448275862
3.875
3.76875
4.09375
3.7096774193548385
3.7142857142857144
3.1818181818181817
4.181818181818182
3.8
3.1666666666666665
4.363636363636363
2.9473684210526314
3.6551724137931036
3.227272727272727
3.6551724137931036
3.2072072072072073
2.2857142857142856
3.4285714285714284
2.7375
1.8333333333333333
2.769230769230769
3.2777777777777777
3.2704918032786887
2.388888888888889
3.42
3.25
3.727272727272727
2.625
3.4615384615384617
3.3333333333333335
3.375
3.25
2.0
2.3076923076923075
3.6578947368421053
1.0
2.8333333333333335
3.2666666666666666
2.8333333333333335
2.75
3.25
2.6666666666666665
3.3157894736842106
3.25
2.888888888888889
2.6607142857142856
2.6875
3.6204379562043796
2.8275862068965516
3.6486486486486487
3.0652173913043477
3.135135135135135
2.260869565217391
2.0869565217391304
2.7777777777777777
2.2142857142857144
2.2
3.3043478260869565
2.0
3.5272727272727273
3.076923076923077
2.1578947368421053
2.6153846153846154
2.857142857142857
4.016666666666667
3.8
3.5483870967741935
3.8260869565217392
3.857142857142857
3.7341772151898733
3.55
3.536363636363636
3.6808510638297873
3.8
3.0
4.333333333333333
2.0
2.4285714285714284
2.5
2.0
1.0
3.0
3.3333333333333335
1.5
2.4
2.0
2.2
2.0
2.3333333333333335
2.25
3.25
2.857142857142857
2.4
3.6666666666666665
2.2
3.25
3.0217391304347827
2.25
3.206060606060606
3.3535353535353534
1.0
2.25
4.5
3.2
2.0
1.8571428571428572
3.5664335664335662
3.125
3.090909090909091
1.0
1.5
1.0
1.0
1.0
3.0
3.3333333333333335
3.0
2.0
1.0
1.0
1.0
1.0
1.0
2.6363636363636362
1.75
2.4285714285714284
2.0
3.0
2.0
2.75
1.0
2.5
1.0
1.0
3.0
1.5
NaN
4.0
NaN
2.0
3.6666666666666665
2.3333333333333335
1.0
2.0
1.0
2.0
2.0
1.0
2.4
2.6666666666666665
3.0
3.0
1.0
3.4186046511627906
2.7142857142857144
2.7142857142857144
3.619047619047619
2.7096774193548385
2.4
2.0
2.7777777777777777
1.3333333333333333
2.7857142857142856
2.0
2.6
3.2857142857142856
3.2195121951219514
2.4
2.6666666666666665
3.1
3.7115384615384617
3.0
3.9606299212598426
2.357142857142857
3.1882352941176473
3.0
3.689189189189189
3.671875
3.7653061224489797
3.84070796460177
3.6045627376425857
NaN
4.0
1.0
4.46875
2.4
2.3333333333333335
3.25
4.145833333333333
4.0
4.04
1.0
4.044
3.5
2.98
2.2
3.1475409836065573
3.4725274725274726
3.607594936708861
4.483516483516484
3.6901408450704225
3.575
2.3333333333333335
3.3088235294117645
3.7142857142857144
2.4838709677419355
3.4642857142857144
2.5
2.8333333333333335
2.857142857142857
3.4135802469135803
3.453846153846154
2.717948717948718
3.0597014925373136
3.0
2.896551724137931
2.3
2.607142857142857
2.6166666666666667
2.8181818181818183
4.017751479289941
4.310679611650485
3.8421052631578947
3.9403669724770642
2.7466666666666666
3.066666666666667
4.184466019417476
3.6132075471698113
3.7818181818181817
3.135593220338983
3.48
2.8947368421052633
4.28023598820059
3.7485714285714287
4.189473684210526
4.207407407407407
3.7412587412587412
3.111940298507463
2.757575757575758
3.4901960784313726
2.5531914893617023
2.2857142857142856
2.8721804511278197
4.0
1.5
3.0
3.0
3.86046511627907
1.0
5.0
1.0
3.2857142857142856
2.1176470588235294
2.6666666666666665
2.6666666666666665
3.7099236641221376
4.17948717948718
3.8
4.14
2.3333333333333335
2.2666666666666666
3.5
2.3333333333333335
2.857142857142857
2.5
4.27906976744186
4.04
2.8260869565217392
3.9125
4.041062801932367
3.75
4.032786885245901
4.079831932773109
3.4526315789473685
4.071428571428571
3.8434343434343434
2.9393939393939394
2.88
3.580246913580247
3.6615384615384614
3.7916666666666665
2.8636363636363638
3.742424242424242
1.375
3.74468085106383
3.0
3.642857142857143
3.3157894736842106
2.7777777777777777
4.410714285714286
2.575
3.4
2.2142857142857144
4.0
2.5652173913043477
3.526315789473684
2.7555555555555555
3.5555555555555554
3.7560975609756095
3.1470588235294117
3.4166666666666665
3.231707317073171
4.5
3.3636363636363638
3.92090395480226
3.54320987654321
3.639705882352941
3.7755102040816326
3.53125
3.8484848484848486
4.0285714285714285
1.0
1.0
1.2
3.616504854368932
1.0
3.8072289156626504
4.231012658227848
2.388888888888889
2.5384615384615383
3.56
3.4193548387096775
2.4146341463414633
3.2065217391304346
4.04
3.3333333333333335
3.9047619047619047
2.0
2.388888888888889
3.824561403508772
3.303030303030303
3.772727272727273
3.923076923076923
2.7
3.3684210526315788
2.5
3.484848484848485
1.5833333333333333
2.5476190476190474
1.25
3.7938931297709924
2.290909090909091
3.28125
3.02
4.345454545454546
2.3333333333333335
3.947089947089947
2.1666666666666665
4.072625698324022
3.893617021276596
2.2142857142857144
3.6
2.8157894736842106
3.157142857142857
4.144444444444445
3.95
3.9703703703703703
2.176470588235294
2.95
3.75
4.0
3.393258426966292
2.3461538461538463
2.076923076923077
3.076923076923077
3.391304347826087
2.625
1.6363636363636365
3.15625
3.330578512396694
2.340909090909091
3.6842105263157894
3.670886075949367
2.2
3.791907514450867
3.8852459016393444
2.4583333333333335
4.0
2.5714285714285716
3.4556962025316458
NaN
3.1826923076923075
4.0
3.125
3.6923076923076925
3.6363636363636362
3.7666666666666666
3.6607142857142856
1.0
3.0
2.642857142857143
3.7017543859649122
2.8846153846153846
3.7851239669421486
3.9272727272727272
3.5416666666666665
3.611111111111111
3.6315789473684212
3.911764705882353
3.3703703703703702
3.7358490566037736
3.204081632653061
3.0
3.533333333333333
3.3636363636363638
3.4545454545454546
3.0
2.230769230769231
3.225
3.5869565217391304
2.9767441860465116
2.878787878787879
3.3333333333333335
3.4166666666666665
3.2542372881355934
2.3513513513513513
2.260869565217391
2.8292682926829267
2.7
2.9411764705882355
3.25
2.4262295081967213
3.1142857142857143
2.857142857142857
2.0
3.5
2.4166666666666665
2.0625
2.6
2.7209302325581395
1.0
3.4545454545454546
3.1904761904761907
3.7586206896551726
3.9535864978902953
4.065217391304348
4.1567567567567565
3.94
4.174107142857143
4.071428571428571
3.9274193548387095
4.134020618556701
3.980392156862745
4.165413533834586
2.1818181818181817
2.3333333333333335
3.44
2.6666666666666665
3.274193548387097
2.142857142857143
2.9702970297029703
2.90625
3.768595041322314
3.107142857142857
2.977777777777778
4.18942731277533
4.123287671232877
3.463768115942029
3.518181818181818
3.3859649122807016
3.0869565217391304
3.963470319634703
2.704081632653061
3.9655172413793105
3.767123287671233
3.611111111111111
3.9454545454545453
3.1392405063291138
2.875
3.774468085106383
3.2
3.3947368421052633
3.9802631578947367
3.870967741935484
4.387096774193548
2.8059701492537314
3.43859649122807
3.878787878787879
4.0703125
2.5652173913043477
3.2203389830508473
3.71356783919598
4.076388888888889
2.732142857142857
3.6344086021505375
3.936
3.925925925925926
3.2857142857142856
3.02
3.0476190476190474
3.5772357723577235
3.8521400778210118
3.477064220183486
3.6534653465346536
3.7471264367816093
3.227272727272727
3.479591836734694
3.1666666666666665
2.75
3.391304347826087
4.125
3.671641791044776
3.933333333333333
4.049689440993789
3.694915254237288
4.446009389671362
3.5789473684210527
3.1176470588235294
3.1384615384615384
4.08
3.891304347826087
3.34375
4.142857142857143
4.134328358208955
3.3015873015873014
3.6161616161616164
3.75
3.590909090909091
3.2
3.4098360655737703
3.791044776119403
2.9514563106796117
3.2
4.346895074946467
1.6666666666666667
5.0
1.5
2.0
3.125
2.8181818181818183
3.0
2.5714285714285716
4.089285714285714
3.7551020408163267
3.8173076923076925
4.220183486238532
4.088888888888889
4.16
4.021052631578947
4.476923076923077
4.263513513513513
3.925925925925926
2.142857142857143
2.8333333333333335
1.2
2.923076923076923
3.4
3.25
2.7333333333333334
2.8260869565217392
3.0833333333333335
3.8125
4.343949044585988
3.099009900990099
2.984251968503937
3.879396984924623
4.139240506329114
3.1216216216216215
4.251798561151079
3.7529411764705882
3.537142857142857
3.0526315789473686
3.1538461538461537
1.8
3.142857142857143
3.5714285714285716
1.8
3.0
1.8
2.7333333333333334
2.4
2.8333333333333335
3.4313725490196076
2.9245283018867925
3.393939393939394
2.896551724137931
2.540983606557377
1.4
1.6666666666666667
4.25
3.127659574468085
3.7238805970149254
3.375
3.327272727272727
3.0
4.165333333333334
3.0
2.75
4.312302839116719
3.0
3.7548076923076925
4.0
4.025531914893617
3.090909090909091
3.8079096045197742
3.5
3.073394495412844
3.7222222222222223
3.659090909090909
3.5478260869565217
2.0
2.971014492753623
4.020408163265306
4.112994350282486
3.6511627906976742
4.176
3.8771929824561404
3.7735849056603774
3.7674418604651163
4.163265306122449
3.9791666666666665
4.069767441860465
2.3333333333333335
2.3529411764705883
2.0
1.5
3.5491329479768785
3.0
4.175115207373272
3.0
2.4285714285714284
3.1666666666666665
4.125
1.6
3.2666666666666666
1.75
3.7142857142857144
2.933333333333333
2.75
1.6
2.9166666666666665
3.6666666666666665
1.5
2.6666666666666665
2.466666666666667
4.0
2.8333333333333335
4.0
3.0
3.2
2.857142857142857
2.2666666666666666
2.4444444444444446
1.8333333333333333
2.4285714285714284
2.5714285714285716
2.6
3.3684210526315788
3.6666666666666665
2.6
3.4
2.6153846153846154
2.1818181818181817
3.2666666666666666
2.0
1.9523809523809523
3.0
2.7419354838709675
2.78125
3.4166666666666665
2.75
2.2
3.4
3.2
3.1666666666666665
3.1363636363636362
3.391304347826087
3.6875
2.875
3.78125
1.8888888888888888
2.546666666666667
3.2857142857142856
3.4434782608695653
3.6305418719211824
3.185185185185185
3.5473684210526315
2.6153846153846154
3.066666666666667
3.3518518518518516
2.8823529411764706
3.134920634920635
3.4705882352941178
3.6288659793814433
3.857142857142857
3.175
3.4893617021276597
3.3943661971830985
1.9666666666666666
3.681159420289855
3.4339622641509435
2.8076923076923075
3.25
2.877551020408163
3.150537634408602
3.6041666666666665
3.2941176470588234
3.7653061224489797
3.546218487394958
3.347826086956522
3.8636363636363638
2.5833333333333335
2.9361702127659575
3.9166666666666665
3.3181818181818183
2.7083333333333335
3.556291390728477
3.176470588235294
3.375
3.3636363636363638
3.688311688311688
4.413223140495868
3.3402777777777777
4.148936170212766
3.9080459770114944
1.0
4.145161290322581
3.193548387096774
4.3127272727272725
3.56198347107438
3.6721311475409837
3.5384615384615383
3.0588235294117645
3.44
2.6
2.769230769230769
3.4193548387096775
3.25
3.0217391304347827
3.5217391304347827
3.0694444444444446
3.3759398496240602
3.4464285714285716
3.361111111111111
2.9637305699481864
3.0673076923076925
2.5754716981132075
3.3333333333333335
4.128205128205129
4.333333333333333
3.106060606060606
3.044943820224719
2.787878787878788
3.12
2.3333333333333335
3.727272727272727
3.6129032258064515
3.025
3.2535211267605635
3.1
4.0
3.585714285714286
2.7142857142857144
3.5384615384615383
3.0
3.888888888888889
3.15
3.963636363636364
3.5443037974683542
4.02803738317757
2.75
3.6657223796033995
4.189873417721519
3.2914285714285714
3.558333333333333
3.7155963302752295
3.9863013698630136
3.619718309859155
2.9615384615384617
3.4935064935064934
2.6666666666666665
1.0
3.3333333333333335
4.0
1.6666666666666667
2.0
2.5
3.3333333333333335
2.0
NaN
4.0
3.533333333333333
4.222222222222222
2.7333333333333334
3.5
3.2857142857142856
3.5
NaN
2.875
2.5
2.4285714285714284
1.0
4.0
3.3333333333333335
3.0
4.0
3.2222222222222223
2.3333333333333335
1.0
NaN
4.0
3.0
4.0
2.888888888888889
3.0
NaN
1.0
NaN
3.75
3.0
2.0
2.0
3.0
3.0
1.0
3.3333333333333335
3.5
4.0
3.0
4.5
NaN
3.0
2.2222222222222223
3.076923076923077
3.121212121212121
2.3684210526315788
3.6857142857142855
3.5
3.75
2.943396226415094
2.5555555555555554
4.0
3.0
3.0
NaN
3.0
2.0
3.0
3.0
3.5
3.0
3.364864864864865
2.8333333333333335
2.6451612903225805
1.0
3.125
2.5
3.25
2.0
3.5675675675675675
1.0
3.0
1.0
1.0
2.0
3.0
2.0
2.0
3.0
3.0
NaN
3.0
2.948717948717949
3.0
3.4285714285714284
2.4705882352941178
3.2222222222222223
1.3333333333333333
3.0
2.8421052631578947
3.603448275862069
2.56
2.0
1.6666666666666667
NaN
NaN
4.0
2.0
3.0
1.0
NaN
3.5
1.0
3.452991452991453
2.5454545454545454
2.64
3.111111111111111
2.72972972972973
3.026315789473684
3.4343434343434343
1.8571428571428572
3.0425531914893615
2.5405405405405403
3.3043478260869565
3.3066666666666666
3.3448275862068964
3.6470588235294117
3.8316831683168315
3.4791666666666665
3.0
3.0
2.0
1.8235294117647058
2.2
2.8807339449541285
2.3333333333333335
1.0
3.0
2.0
3.0
4.0
3.0
2.0
3.0
3.0
3.0
2.8333333333333335
3.5294117647058822
3.5555555555555554
3.0
4.041666666666667
3.8
2.0
NaN
3.4444444444444446
NaN
1.0
4.0
1.0
1.0
1.0
1.0
NaN
1.0
2.8823529411764706
5.0
3.272727272727273
3.3333333333333335
2.357142857142857
1.6
2.357142857142857
2.1
2.5
2.625
3.0
2.0
NaN
1.0
2.5
1.0
4.0
4.5
4.25
3.6
1.0
2.142857142857143
1.8571428571428572
2.75
2.0
2.0
2.0
3.0
5.0
2.875
2.25
3.32
3.0
3.2
3.3333333333333335
3.1333333333333333
3.0
3.7857142857142856
2.7142857142857144
3.8135593220338984
2.7142857142857144
3.8181818181818183
4.333333333333333
5.0
3.5
2.8181818181818183
3.75
3.4583333333333335
2.5
2.6785714285714284
4.083333333333333
4.0
3.688888888888889
2.6744186046511627
3.2222222222222223
3.4743589743589745
3.547169811320755
2.575
3.3636363636363638
3.3333333333333335
2.8461538461538463
3.3125
3.2222222222222223
3.4
3.4545454545454546
3.0588235294117645
3.4166666666666665
3.5
3.076923076923077
2.86046511627907
3.0
2.0454545454545454
3.287671232876712
3.8181818181818183
3.2857142857142856
3.6666666666666665
2.0
2.5
4.0
2.12
2.7037037037037037
3.5930232558139537
3.577777777777778
3.3333333333333335
3.391304347826087
2.5
3.375
2.7758620689655173
3.5925925925925926
3.5
3.6666666666666665
2.142857142857143
3.4074074074074074
2.7142857142857144
3.4
3.8636363636363638
2.6296296296296298
3.2903225806451615
3.0
3.4285714285714284
2.9523809523809526
2.838709677419355
3.2745098039215685
3.5
2.9393939393939394
2.96875
3.6625
2.0
2.2222222222222223
1.9090909090909092
2.8947368421052633
2.3125
3.2857142857142856
4.027777777777778
4.0
4.125
3.111111111111111
3.125
3.1666666666666665
3.625
3.0833333333333335
3.7142857142857144
3.3421052631578947
3.108108108108108
2.75
2.6578947368421053
2.5952380952380953
1.9565217391304348
3.443609022556391
3.3333333333333335
3.4615384615384617
3.0
3.4
3.2222222222222223
2.4
3.2857142857142856
NaN
3.3333333333333335
4.5
3.0
3.5555555555555554
3.357142857142857
3.066666666666667
2.3
2.238095238095238
2.838709677419355
3.5
4.30622009569378
3.460526315789474
3.090909090909091
2.6611570247933884
3.6
2.9
1.6666666666666667
2.55
2.5
1.9
3.9444444444444446
3.0
3.56
3.9583333333333335
3.9622641509433962
4.113207547169812
3.269230769230769
4.0144927536231885
4.385057471264368
3.707317073170732
3.739130434782609
3.835526315789474
3.8048780487804876
3.979591836734694
3.8363636363636364
3.4558823529411766
3.4285714285714284
3.78
3.987878787878788
3.8525641025641026
3.9520958083832336
3.606060606060606
3.937269372693727
3.682926829268293
3.8974358974358974
3.980952380952381
3.2666666666666666
3.076923076923077
3.173469387755102
3.5
3.0
3.3870967741935485
2.7142857142857144
3.1052631578947367
3.3333333333333335
3.25
3.3846153846153846
3.176470588235294
3.3548387096774195
3.626865671641791
3.4074074074074074
3.6666666666666665
3.6498316498316496
4.223214285714286
3.689655172413793
2.9545454545454546
3.3636363636363638
3.2890625
3.7934782608695654
3.082089552238806
3.7142857142857144
3.967741935483871
4.147058823529412
3.731707317073171
4.086956521739131
3.5294117647058822
4.0
3.5454545454545454
3.8461538461538463
3.150943396226415
2.1818181818181817
3.65
3.101449275362319
1.8108108108108107
2.289473684210526
2.963855421686747
3.3923076923076922
3.81203007518797
3.0
2.6666666666666665
4.0
4.285714285714286
3.0
3.0
2.347826086956522
2.272727272727273
2.4285714285714284
4.0
3.0
2.0
2.8411764705882354
3.0
3.359375
3.75
2.875
3.5223880597014925
2.75
3.689655172413793
3.036144578313253
3.5
2.0
4.0
3.25
NaN
3.3076923076923075
NaN
3.0
2.8
3.5
4.0
3.0
5.0
3.3333333333333335
2.0
4.0
3.5
3.0
3.6666666666666665
1.3333333333333333
1.0
3.1587301587301586
3.0
4.0
3.65625
3.7037037037037037
2.8333333333333335
3.484848484848485
3.533333333333333
3.62992125984252
3.449612403100775
1.0
1.0
1.0
3.870967741935484
4.020408163265306
3.9814814814814814
3.342857142857143
3.4805194805194803
3.0
3.75
3.8095238095238093
2.8805970149253732
4.16
1.0
NaN
1.0
1.0
1.0
NaN
1.0
1.0
NaN
2.75
3.7142857142857144
3.088235294117647
3.909090909090909
2.8421052631578947
3.1780821917808217
4.0344827586206895
3.782608695652174
3.6354166666666665
3.86
3.44
1.0
1.0
3.3333333333333335
2.5
2.0
2.6666666666666665
3.0
2.0
1.0
2.4
1.5555555555555556
3.0
3.765151515151515
4.028169014084507
3.4
3.901098901098901
3.4358974358974357
2.819277108433735
3.0
2.1818181818181817
1.0
1.5
3.0
3.0
2.0
3.0
2.6666666666666665
2.5
1.0
3.0
4.1
4.221153846153846
3.414285714285714
4.070422535211268
3.9285714285714284
3.543859649122807
3.914438502673797
4.027027027027027
3.925925925925926
4.191304347826087
1.5
4.0
3.0
3.4
2.0
2.0
3.0
NaN
4.0
2.75
2.5714285714285716
2.75
2.5
2.0
2.4285714285714284
2.5
2.742857142857143
2.4
2.7333333333333334
2.5555555555555554
2.72
2.3636363636363638
3.5714285714285716
2.5
3.7
3.6486486486486487
2.0344827586206895
2.0
4.0
4.0
3.3636363636363638
2.6666666666666665
3.6666666666666665
2.0
NaN
3.5
4.0
2.2
3.8421052631578947
2.4
2.5
2.6666666666666665
2.0
1.7
3.5714285714285716
2.8
2.7222222222222223
2.303030303030303
4.0
3.0
NaN
3.25
4.0
1.0
NaN
3.8
3.5714285714285716
NaN
2.0
4.0
2.0
3.25
3.4
3.0
3.125
2.272727272727273
2.769230769230769
3.6842105263157894
3.843137254901961
2.0
3.4545454545454546
3.1818181818181817
3.1176470588235294
3.0
2.0
4.0
3.3
3.8
5.0
3.8
2.5
2.5
3.3333333333333335
3.0
3.4583333333333335
4.0
3.6875
3.727272727272727
2.9565217391304346
3.1333333333333333
3.3076923076923075
2.793103448275862
3.111111111111111
2.388888888888889
3.5
3.5555555555555554
2.5
2.625
2.8
3.0
4.0
3.25
2.6666666666666665
3.0
2.142857142857143
1.5714285714285714
4.088235294117647
3.3666666666666667
3.9411764705882355
2.9523809523809526
3.1735537190082646
3.1527777777777777
3.3620689655172415
4.258064516129032
3.2236024844720497
3.671232876712329
3.671957671957672
3.463917525773196
2.9689119170984455
3.6437346437346436
3.542372881355932
3.207792207792208
3.411764705882353
3.5436893203883497
4.290322580645161
3.1901840490797544
3.4496644295302015
3.562162162162162
3.990740740740741
3.6363636363636362
3.3859649122807016
3.1041666666666665
3.1739130434782608
3.125
3.148051948051948
3.808333333333333
3.2
3.3333333333333335
3.210526315789474
3.6847826086956523
3.3564356435643563
4.0
3.7861635220125787
2.9152542372881354
2.792307692307692
3.63
3.0545454545454547
2.8598130841121496
3.25
3.1363636363636362
2.2777777777777777
3.6842105263157894
3.242424242424242
2.6
3.3333333333333335
2.2941176470588234
3.3157894736842106
3.115
3.138888888888889
2.47787610619469
3.9130434782608696
3.2323232323232323
3.6341463414634148
1.8
3.9238095238095236
3.425925925925926
3.2
2.3636363636363638
1.7619047619047619
2.789473684210526
4.0285714285714285
2.8333333333333335
3.525
2.65
3.2037037037037037
3.272727272727273
3.6
3.1818181818181817
3.2222222222222223
2.6608695652173915
3.752173913043478
3.24468085106383
3.588235294117647
2.861878453038674
3.864734299516908
3.6878980891719744
3.6964285714285716
2.125
2.585858585858586
2.5172413793103448
2.1666666666666665
3.0483870967741935
3.5
2.3333333333333335
2.8823529411764706
3.5714285714285716
2.5925925925925926
3.1818181818181817
2.814814814814815
2.235294117647059
1.8333333333333333
3.89453125
3.790243902439024
3.5
2.6206896551724137
3.824858757062147
2.752808988764045
3.443708609271523
4.314285714285714
2.9925373134328357
3.263157894736842
3.5172413793103448
4.16
3.391304347826087
2.2222222222222223
3.5421686746987953
3.111111111111111
3.0
3.9285714285714284
3.814814814814815
3.3043478260869565
3.8463356973995273
3.7357723577235773
2.716535433070866
2.510204081632653
3.6363636363636362
3.5384615384615383
3.3138686131386863
