1.2121847835764137	0.763442334358675	0.47582101153374695	1.5166351587733757	-0.1297997863693389	
0.7453759763678716	1.1590842961710401	1.029932946453012	1.2577854930966859	0.3488745401473836	
0.7687105468099505	0.9211273043140726	1.0255740126764568	1.1904188284369224	0.9046815429209742	
0.9364130869023709	0.6769613410154383	0.6035482354337686	0.968384086170344	1.4735081540397565	
0.7293352364854835	0.6767455042773619	0.45175007108363335	0.7594748554306265	1.2051611590512832	
0.5389739381378277	1.2401198389048063	1.2316768655290118	0.3504586521315595	1.6047534771937184	
1.248875403051697	-0.3296747118215198	0.5698681764010082	0.9303103873500518	1.710520616435136	
0.18489103047021738	1.8872196416325764	0.6935334579715975	0.08580876848025892	0.9918656880192663	
1.445995101213776	0.49916080468966223	0.8138172045890965	0.8376913762660315	1.5332521080889951	
1.5932128701991608	0.7727768207368574	1.106140689597099	0.35469408840454647	0.47367443618543487	
0.5130512054113839	1.716039140855916	1.0337839906240862	0.20969062140210573	0.5198402950650589	
0.6717653471031377	1.344686170629699	-0.010367091524189206	1.2991579562371154	1.4800572412257695	
0.814784421216249	1.0911085937259588	0.713466290766942	0.9821743863663278	0.4513370944199159	
1.7029659183924262	0.5846626980867738	1.159111833021688	0.10900148978078406	0.965828070687532	
1.4223946773404588	0.4493230237926353	-0.25442103646540276	1.991977312346957	0.8377980266801394	
0.5972873134519622	1.0378195971432465	0.9454923830350158	0.586632178974045	0.9666669979586053	
1.6090134914373975	0.8213553074746883	0.4509763282940809	0.7005061680508003	0.9056793757307074	
0.13608332335143603	0.8249725059590114	0.8658491496334875	1.7111953067063475	0.8410086361392655	
0.19079787479625412	1.1037215493752202	0.7483070596478489	0.35735682877885633	1.3826464036655841	
1.0314271262309924	1.601437606444199	0.2607423007944515	-0.18837485013747382	0.867323162618944	
1.0410710827147331	0.6931308787009743	0.9869196133698368	0.8691376102277653	0.7952995103753194	
0.9078451026430299	1.1979697054323788	1.5697669897540356	-0.08214025169367022	1.3680245947073566	
0.8935526829339442	0.5250631784840744	0.13969758775812205	0.9658018709662662	1.3050019152077543	
0.7980804394424453	0.9841896327079006	0.6569015384240694	0.9049945472171964	1.729583263076593	
0.7795576772862023	0.7803128588284636	0.3885787221389442	0.8392490376761256	1.4259349629141398	
1.4200086987079854	0.17790653421971547	0.8996908878458476	1.1856379692167007	0.6865193077349355	
1.093474379141642	0.06217081124524255	1.3701635489460584	0.8449117587623838	0.8695615012695824	
0.22394555118650525	1.241881911302143	-0.03513167426014264	1.2211412657014764	0.9746176305432319	
0.5763753794324322	0.693860630197923	0.5633373739707207	1.2443801333687012	0.17870130352245087	
0.553780651660137	0.4585524470744957	0.6638748690430604	0.9878386839257572	1.5526625162753573	
0.8032848654500209	0.9556851594982365	0.8035146749435464	0.8593736963767737	0.6752813408171348	
1.6975859304609129	0.8540271968851558	0.7554066526751712	1.0448622151214868	0.055752077963371456	
0.8479310373168119	1.123571554156074	0.32539448528227155	1.6497402379615278	-0.03924260794778187	
0.7359869174714057	0.9762317041513944	0.24016396324161032	1.315021700317827	0.7234426826055866	
0.9994519153207849	1.3286089398044134	0.5325111129288342	0.900823363515538	0.23787395182466722	
1.8459631929752387	0.3711551126421689	0.4478177403995239	0.3233139697815804	0.6127805572137117	
1.4532471395524613	0.5864651309004286	0.42218675799589955	0.812084289345119	0.9971182231882219	
0.6664598220282564	0.8849023633141045	0.5904236156355274	1.5938318517070391	0.4963018504235065	
1.2004897199160707	1.4929251496430578	0.3705330770578595	1.7598156304700068	0.9902096399930784	
0.4699259758649235	1.25443765906395	-0.1361010379597124	1.1578799131020245	0.4244400540354437	
0.589127838256626	0.41065441255149127	1.6266006081497408	1.1088770957982736	0.33289033625862513	
0.9809697119322186	0.4706004933969755	1.1931437186903973	0.7421591687728952	0.9816030059226545	
0.7602217638016572	0.8663746294290949	1.1170628806687724	1.3762466597610705	0.4648588922431925	
1.683267769006547	-0.16727400976277246	0.5358240699736267	0.22659096527453523	1.7014557067452458	
0.578340789562862	0.892031660961168	0.8840764260050221	1.2822921153926057	0.588445625110366	
0.9519073891390812	1.3749095374551434	0.8193199005917726	1.0609196246758406	0.38215168499353314	
0.9160545483338752	0.6883301798224494	0.9073388235954649	1.1508896025604303	0.7839191413944105	
0.5492920300250418	0.036449112730947426	0.3776684507321597	1.7603635817000223	0.9072904895834195	
0.16846454738307773	0.9031709796390857	0.30033612673123256	0.7578554292791602	1.575919195641429	
0.6754647896199925	1.0815170399766232	0.509313922428917	0.40737744371308987	1.3621651846621858	
0.11378471836566643	1.8556118476642378	0.34333167570006534	0.3513044584313906	1.3510401253546573	
0.87797480509191	0.9346942124874053	0.7026275231488288	0.981879932634553	1.9876216687022943	
1.1918469463410613	0.8799265179496681	1.0318430405076815	0.029249152741554058	1.5591768918012736	
0.6981991067625515	0.6848478643918244	1.1542640965385158	0.5237666328561665	0.7178647661768714	
0.9007416685802959	1.0417254576212316	0.9056370684101075	0.7492246613348326	0.82519810326715	
0.9722658394626965	0.498995715095051	0.8457734072574822	0.6568206999375448	0.7920998216501864	
0.10923093719150115	1.2598571668120242	-0.17388368582937508	1.3983859527620157	0.6119929324673868	
0.9112157741798517	0.8320017256925327	0.5059334398744759	1.216358255960956	0.8452359320606039	
0.8653235831527625	-0.31060543988403805	0.35458935883426457	1.2360844723392632	1.323260113195068	
0.5636859454348195	1.156981831921716	0.7634591195820873	1.2309077032324003	0.5767936571073744	
0.4379347106505768	0.751986624796042	0.8348752623262999	1.24741416703922	0.6771160604402612	
0.6604480291958348	1.476227529549766	0.51040149334985	1.2004853464615737	-0.0615889766310376	
0.5225352826537785	0.06630652190718213	0.8305961490784182	1.2098701057075285	1.456644521863135	
0.7809045206418846	1.1414462394317684	1.3569033492405895	0.6461976545373127	-0.25782765661635104	
0.7987624339492779	0.29263504026138987	0.5797984643184563	0.8602826535850892	0.9849278519753448	
0.8633658328079151	0.95579878662172	0.6750896089070981	1.1295134259575583	1.1061214205855574	
1.282046280266639	1.3704652370829906	-0.2588868770226449	0.11072653691898764	1.252435098998648	
0.9044400953274533	0.7566854065719314	0.6731951538562782	0.9431830689652636	0.7883976732866739	
0.3137909321427691	0.8079659640527637	0.4846054231611991	1.6719956151078874	0.29051081979791976	
0.32083505321287736	0.7522617041333716	0.8732667767034908	0.9186304595092039	1.1862584898314628	
0.43040857619071077	-0.1215202029405934	0.18613286433867635	0.9334522203754175	2.3014649446824205	
-0.041541174402164226	0.9404520620891502	1.500552478207478	0.7874978361278128	0.45295173740629413	
0.866350624922089	1.5349828519889908	1.4192533092020494	-0.08187275441648233	0.8751848442220801	
1.4555160310935062	1.2083673099392453	1.497758479137741	0.8336205725320365	0.25994606031959017	
0.7506291122467547	0.7496342050217146	0.9658627228928021	0.2648201907737331	1.3365654665975333	
-0.012713647051342083	1.337074648467927	0.7148519591119652	0.4248236469004351	1.8209654791607932	
0.7510518260004356	0.8569775891048461	0.4051536063895125	1.2135136226046224	0.9734026734963929	
0.9761402400213637	1.8277341246597203	0.8513528271793214	0.3371022527261105	1.081642925966864	
0.47514800126896695	1.2563850269667372	0.5727203343649704	1.234453633161314	0.8743181146573161	
0.7385371481025694	0.7331486596733436	0.7146668891095387	0.9620453645793099	1.3032324931016273	
1.8067157130778109	0.024182005579591617	-0.5241775067400839	1.2689907938532714	0.7383268569260958	
0.14472324317948446	0.8486401360824599	0.261073105298907	1.5901720229844776	0.8953982483507416	
1.212805446923624	0.5604683385041278	0.4517976748711807	1.269564898290489	0.07948254958533865	
1.3895049929321472	0.9494812060252827	-0.10028261722380669	0.7255466885481254	1.722570282992829	
0.4101335899868543	1.2861748560253743	0.8212921645975876	0.36951155446528466	0.8363186083169926	
1.3663386802200925	0.6683911072281208	0.24359843278833698	0.9124338753766691	1.1625674298952515	
1.1549549971986903	0.6715018597694126	0.7098904017469121	0.4170997122414166	1.2317199751100447	
2.4160794867994766	0.5542589581151995	0.05781375518007225	0.7874008399041713	-0.3635920000029767	
0.5728708566163312	1.1580221753872755	1.3671635796665276	0.5824713781322348	0.9787680788948513	
0.9336125926358506	0.6534443808174764	1.0061653619641455	0.033953029743124724	1.624184696955277	
0.6732949671544526	0.7941511372132649	0.31328724238061656	0.43619080395026905	2.0241778758434146	
2.2574744676964205	1.1070360302309497	0.8278030386378868	0.8840229978106695	0.43020987056951254	
0.747608999996993	0.9170304039719485	0.9533962303799058	1.3227743490064938	0.3225744258562392	
0.3766648468795582	1.1322327378532775	0.6719807511334528	0.1690572968696589	1.40732687038092	
0.8694134656766896	0.9256900676022699	0.5451144149814228	1.4428833255861349	0.8120033791899737	
1.1372675337890612	0.3829549086665175	1.1365698595736273	0.7415472037975723	0.5125877201588716	
0.4659260691567888	1.1610171054343237	0.32373647254772575	1.0481955533923775	1.0049288039923105	
1.0165651366520325	1.324388810157749	1.2789268327242116	0.5142867783053229	1.0125002915716355	
0.6731634056902563	0.9077322013551244	0.9480551000352155	2.0214712477940693	0.20404686551456744	
0.3478265951052278	0.7991451251053765	0.5996300871060143	1.1109293177853852	1.11201154297807	
1.0068021412696828	0.8909067191617418	0.6410888189664188	0.6012304673916721	1.2967431533853933	
0.5357501461515645	-0.3248520634729065	0.7103509165110524	0.6028746715380213	1.8292885759376079	
0.36266642676836897	0.2603688537308329	1.1818482218996382	0.9801904234680404	1.2023175187925792	
1.1786745549718005	0.6073303290874159	0.24103846944389842	0.6010794117908228	1.915289755784164	
1.0731249665090508	0.8812826240781779	0.9119701464115607	1.0882151540130849	0.7211671363676743	
1.16438619987466	1.271366718365933	-0.28668590666818444	0.025669118349408267	0.9497439125172569	
0.8730991918355439	1.259425897578354	0.8888959792525127	1.4424891054509952	0.8080826069056088	
1.3571780526052617	0.988173198442399	0.33374912724421096	0.5360067880277963	1.0284376635945534	
0.4264190660137039	0.9255260685248093	-0.13119199390400374	0.7589089938284482	1.6519773099252544	
0.5191278846779946	0.9196355695787809	0.7050358093698225	0.5243065599699058	1.0804584180114265	
0.5979667340928422	-0.21710788630320105	0.19036378526657521	0.842469072703823	1.7455964850109857	
1.947952245116317	0.9306732999151982	0.45734145564055595	0.4488789821397674	0.7204629144416581	
0.8937522697612051	1.0119097838640716	0.8327508622674034	0.5784872187773585	0.9009734405602993	
-0.6373804395117268	1.0362525282222348	0.6840243688633687	0.8425170160984837	1.3502168077911243	
1.7039461010158976	0.779372248005426	0.5141261252959282	0.7310140460389782	-0.04877741879314133	
0.7793183067270539	0.22635870986967016	0.9993452799839833	0.5467473518043329	1.257967359243518	
0.7590753278353792	1.3586993413942183	0.43398057850867394	0.8381486680683087	1.1358223208146636	
0.8421006442244319	0.7446132618450165	0.9032261228308911	0.4357541775385368	1.51410256251627	
2.566603623069776	0.6205882827904493	0.40162123782352144	0.5700648356468965	0.2627728560947453	
0.8547488922046819	0.35123807174193866	1.2597562079804678	1.0260549286648628	0.7378265127411968	
1.4728756299733108	0.7660133090267108	0.10371408099815746	1.0164415305022083	1.3384748766426497	
-0.029298003474463756	1.2375083677997953	0.5552052529309769	1.3534937092499553	1.0161961791773164	
1.6347567993142202	0.3174029146907563	1.2346191997502687	0.7964801744166651	0.6346621684547873	
0.4842458375727402	1.5086396370699233	0.7799214302885279	-0.2286642708200785	0.9829260303517524	
0.7051625686576171	0.6852700082124275	1.0599389886136417	0.8556924539162429	1.0557206138587392	
0.7582011523054156	0.6865022517637493	0.8529832276091964	1.0957833170064055	0.4186261112397446	
0.9684282670125541	0.9611031484261268	0.012074752946876578	0.8952145140388729	1.1247257687762708	
0.9816789016155959	0.8132537351996908	0.4817380456833589	0.9961800528400044	0.5230780909322814	
0.558491676878756	0.8503896962359455	-0.6213008580126365	1.4861256349658083	0.9661634216865911	
0.22106070391671184	1.3999506224125728	0.6893414751700165	0.9547565701795434	0.7035208058103841	
0.6472595516363316	1.1404854427105835	0.08107558365852799	0.8636410434467148	0.6951286173426764	
0.7945050202963684	1.0714840123023706	1.7451676820234128	0.2205585769531694	1.4319993550027637	
0.8410984596886897	1.0909500595499921	0.7021821799073074	1.0426817053752446	0.3622310823947171	
0.32733853272662744	0.47943856523882755	0.876403525973032	1.7135676703859781	0.03141643210865081	
1.1602684810670865	0.578930710383121	0.6147405199050313	1.4453653447766932	0.5188593697130953	
-0.3561201852887574	0.36203098050178434	0.4415136586668013	1.385768725422497	1.373665159196236	
0.3590242657351347	0.8334690964618833	0.2346388717914214	1.2199297091193606	0.9485533383585067	
0.6268346532795883	1.307767267936013	0.47069003416787447	0.32542825572621287	1.350437734553079	
0.5064797281240015	0.33040884359318257	1.1417025493685535	1.2319342284089154	0.7591808880951804	
0.6644662694604536	1.434259512484122	0.81369918749753	0.2183083884556696	1.2990020520243506	
0.9631364053330173	-0.20609802339922076	0.641843727934068	1.5286193352186896	0.8224960994421767	
0.7143496068175403	0.4567846613418273	0.7014532097649374	1.3614906730948129	0.5079398141670614	
0.3500093381154397	0.4940686900239507	0.8381587019629928	1.3549087850625112	0.7129288442796263	
0.5497398882265286	1.1060936744106529	0.5517927019026654	1.3660251990475902	0.6529625960507184	
0.22399208046784366	1.49207213315451	0.7822815777474856	1.3541490369339073	0.10837636488277745	
1.9753542282623804	0.8208477727178518	0.43223471840409305	0.8964300729874821	0.5982651583784171	
0.35129593347326765	1.2110761652092195	0.7488742569297316	0.38973955739816235	0.7959027940961668	
1.0532615561895244	0.3330911017478787	0.7223989188069192	1.3196018516950512	0.9386851266444503	
1.4911337763226666	1.2162934389483269	0.5037314949454219	0.5082273187147499	0.4930031516867232	
0.8921333347886178	0.7402759505339773	-0.41037547148019216	1.0140454918830377	0.9168868851799289	
1.37080589614095	0.6504810007122636	0.700995883720313	1.0231527063897052	1.3559625404838667	
1.2318557378215274	-0.07459890893079388	0.5177324811282012	0.7977201030221647	1.8259231755868297	
0.6021061599023426	0.6542726319781234	0.495975572762635	1.0936818273917308	0.8664493020230177	
0.651345003923369	0.7264168404064928	0.6152593682888278	0.7837124044202859	0.649864282303759	
1.6083636596701842	1.006738988400415	0.6159092882602278	0.3816897700829176	1.6232177011051303	
1.1683264502245634	-0.4887768547352218	0.8534386140280968	0.3463212529592012	1.933731175668798	
1.7664605727207028	0.28047104719967764	-0.14840234171148697	1.5502680064546068	0.5275884442913538	
0.38032543139278957	1.27110594676282	0.6960122285192478	0.7484317136368296	0.9306663168357812	
0.7237153311183996	1.1876450913887509	0.6719694194820283	1.3174796378421336	1.022708788790566	
0.26523481099574614	0.9553545817574406	1.0468001309992032	-0.15759151408055147	1.6761080909415396	
0.387503816989233	0.9869158946251547	0.8494911667433434	0.8043921061315686	1.593394451723058	
1.472572149987742	0.4031727281549248	0.8769924636571674	1.3823407787865394	0.34892839371488227	
0.4816042306018195	0.94441240401289	0.8892022198131544	1.1741760089042965	0.527854542809062	
0.6622786162194508	0.6372402802919953	0.6602286294209571	1.554561768612068	0.4881944512486332	
0.6900356305344907	0.6163525465943599	0.8180524912790719	1.0473267252828256	0.9454185774131529	
0.0693628316274679	1.0275186971019326	0.9453312208563139	0.6900742020132645	1.3112084593160562	
0.32877973211979333	1.2194102860796836	0.7621719085106862	1.036600187228536	0.6545677687879343	
0.7030889508105288	0.31336169183243484	1.0437052670938953	0.9602358869719707	0.5303372763045373	
0.9278565346660759	0.8451155090191521	0.8179913718261355	0.6122602025157293	0.09708387324291062	
0.21797287032293333	0.42053825710497494	1.0302069609475435	0.8125313974692745	1.0738096238372765	
1.3649945404297623	0.5065034148125542	0.22561680803152523	0.7981609500716537	1.0047688769801268	
-0.026404303281343775	0.838010238274437	0.5102189295121599	0.9709268063025257	1.699229167570248	
-0.4185759982581297	0.23446764367214568	0.24250517017928422	1.200084118425892	1.2386225940538445	
0.8619819734616381	0.9923915610929579	0.28173661261239835	1.2705597387837513	0.3962774902312119	
0.3972913542954822	0.9870362321967177	1.0108850961581315	1.363012795009299	0.3841663294656721	
1.1491240690481477	0.6869951265135241	0.8884882786464721	1.288197191549972	0.6991184438999231	
0.7822515679652134	1.181986447168176	0.5380527927211937	0.852272607650965	0.6135021649471945	
-0.5590129259558062	0.7292682013481943	-0.21615644376283363	1.3571774081020975	1.8097546349436302	
0.9868158610454904	0.11848440145077377	0.35605807489144914	-0.011879281504663088	1.5727086893500375	
1.738113791767666	0.6424228502408617	0.6980406939103736	0.8078486085388993	-0.03871524878027197	
0.738633987265043	0.3461675078352755	0.7741581994491085	1.0819683117283525	1.0625514976275934	
0.25915976776490374	0.429107085550478	0.3445063684286021	1.0008953680238228	1.8576038191231192	
1.3241282426041265	0.7992413719613166	-0.15342968683603	0.8486013349801789	1.2916595940180966	
1.3154473361598753	0.13103328399447406	0.44735273031925943	-0.09400052927812692	1.906648887299343	
1.2689857642705877	0.4433121240521681	0.6849575728366502	0.6871398302026203	1.3587883372651286	
0.9504090445214026	0.052093479511199275	0.7952256283070902	0.7616778443478159	1.4140781878814592	
1.4901280102004713	1.8956882205998968	1.0972947424705168	-0.6304340274972765	0.6181277702890932	
0.7763269809631497	0.9057359277661577	1.3017574528095164	0.34779993994935876	0.12659470309167375	
0.3160762711115476	1.4072001332575097	1.1036935503794976	0.20397160151881774	1.031660142214479	
0.407751808572066	0.7528124138466536	1.1341679308316768	0.5706032041323527	1.3223649182007602	
0.7343773523413951	1.0031751894627678	0.3286816621161409	0.8560645205933036	1.3309381524236437	
0.9991135365701711	0.9629336435529902	0.6069274098210422	1.392769170379126	0.3180734586639624	
0.426731999374496	1.0858300594176513	0.8844906814682533	1.3876501454338752	0.6236693698879977	
0.6471276680292108	1.9385241389486225	0.9375239304790718	0.50353422375149	0.0443250846526904	
1.0186885080602137	0.9378003043650801	1.3273662923047673	0.9146001996806943	0.16817480689994788	
0.6957551802475115	0.5633635457653484	0.9134404940404452	1.1989780268580827	0.3386617917382852	
0.706982668702766	1.1026848894972812	1.2395985826199338	0.712704039989941	0.6441506103836353	
0.3721554623816021	1.0100331573606436	1.39446915216926	0.642950640892191	0.8445698976908398	
0.4771226171893443	1.6184785026328334	0.29708909766300884	1.0243833233447845	1.1888061275854196	
0.9444846003697956	1.373053604310368	0.8348435703903466	1.0738104580831358	0.4666679690648901	
0.879658260055262	0.8638637783801782	0.7291480702617534	0.03287964973153212	1.3523821078721197	
0.9411673266136641	1.1993724229478802	-0.05495332701021928	1.2748702328331527	0.6907810756489435	
0.9623117781954761	0.9664884425236422	0.8220081299862421	-0.1784533165059758	1.1828002879349022	
0.45823214790427613	0.8613092451559483	1.178159681080244	0.5233171666346111	0.9705097362008844	
1.7100980757816209	0.38478274737741397	1.127284286086842	0.15038595671647342	1.0381109003169873	
0.8852472000208873	-0.4693856522814197	0.9169517295923151	0.0775647013393545	2.416065837387634	
0.833670544364214	1.1679364489328181	0.48501602083914286	1.3845547329141952	0.3862394521862689	
0.5454568559301539	0.34001805397666557	0.9985867169878723	0.8806836673649115	1.3183246603849457	
0.6915620375399639	1.1702169618065996	0.8639399509190567	1.3418221469385638	0.40014831764276554	
1.8046531329312463	0.8614997368489262	0.5133820515051982	0.6261022071605167	0.6668876027718978	
0.6264832314646778	0.6146014803736221	0.34208813772956465	0.9882780754206018	1.386673593930855	
1.3968030225672767	0.7417807981741119	0.8020639708115057	0.7991561699800094	0.9719744724596824	
1.2631427017267587	0.5825625417637345	0.7511079728848608	0.45229066793039346	0.8030721181660143	
0.845529335553138	1.1183807357131497	0.439597362436611	1.0737084145401072	0.8203180164546295	
0.7713041114283244	1.7052452179312907	0.35003213862171867	0.6171127273626187	1.2696477011228127	
1.104910435536171	1.4365271199934995	0.3035978992222758	0.7008496201716168	1.0932704502403439	
0.7249174044195957	1.0202681988202345	1.0051721248399081	0.7910917392606622	0.5129285989904458	
0.8786417841776445	0.2607871064002781	0.6453431997391939	1.6136000951457778	0.9139302360035423	
0.9016085035675254	0.9713702792244094	1.5032636700043354	0.49583292158363046	1.3723296323937246	
0.9057200924642058	1.2592089494421195	0.5808687990564242	1.053156941163752	0.2888178354148036	
0.49835592874186885	1.2289527382007086	1.1475936359761674	1.062366903744469	0.013354059684037325	
0.20520017100412347	-0.17099235577205268	0.9570524398811275	1.7472342589555214	0.5011007087838014	
0.7192159958480797	0.9890260681934427	0.6632293707835017	1.0470669432808515	0.0027044299702472826	
1.0862042681416266	0.11359322841773063	-0.27063056918567574	1.3431593992996615	1.3695215291918996	
0.689552896407332	0.9816138615521841	0.725531933847148	1.2755998791812542	1.1831699632265507	
0.6266601208947575	0.13526568273412645	0.4126662249295369	0.8337142175586576	1.6560861542969163	
0.7262770629940332	0.5821792059120645	0.7685023062204992	1.3828564880996959	0.7436957824311129	
0.9246031599934607	-0.12596108472310147	1.061927402984266	0.31173968949770337	1.51161129886823	
-0.4486488401282554	1.0813947618380546	0.8887512872712792	0.7468513152501011	1.2516055691136583	
0.6411413820543737	0.5963433167389386	0.544099379655014	0.5708432302602137	1.7840052153382047	
0.6258723738799462	0.7297091737463249	1.1239736860042113	0.8506786122300093	0.5797422541478479	
0.48920625225639675	1.2845910982205653	0.8954179743420185	1.5139589478020072	0.39797720151100924	
0.7138382956292699	0.7508134903955888	1.3015171123072127	0.6724189995528099	0.9472822749597274	
-0.011918965573483589	0.9643163709409841	1.1047441421435187	0.973535907693819	0.9526793757263274	
0.6154803503303287	1.0362398538606241	0.6268866164216009	0.6530529681613423	0.8983417270759662	
0.4969287128164096	1.12077720182225	0.2145939022687305	1.173364179012928	1.5488149497371282	
-0.5949677127494983	1.1232394059295827	0.8704443074514969	1.7572744267107576	0.46622441739115544	
1.0116804343299874	0.750266413276387	0.27792149286475953	0.47118818054354217	1.187059175194601	
0.9041917105177231	1.5178561918439726	0.9009969285492931	0.7070540768871174	0.8750301370758168	
1.1983902529431438	1.338495887530195	0.4915208580354997	0.6023196305850649	0.897999808590987	
0.472939852982203	0.7531544484483831	1.1255313125981332	0.5105365039321222	1.2189263134762474	
0.8252706859228697	0.8449976008934195	0.3246501081515371	1.1053875431117022	1.1192757754139695	
0.7858951054147304	0.6135226669946603	0.382121339682146	0.4297198387617188	1.5312357416191533	
0.8965492880820317	0.89639800214141	0.02087726168778035	1.035694223160416	1.0073797861877691	
-0.16161110890257285	1.7340667680947286	0.8240585637218611	0.8546611590178562	0.6960647900233418	
0.28442870406530585	-0.060769191355638144	-0.023098957275800365	1.417725641151436	1.8471662178279038	
1.003588252232144	0.4483302052857252	0.20878486179948108	0.6813243652524678	1.2354936122990754	
1.3983804121265357	1.1721922136281375	0.1957268733206339	1.1210034147027574	0.9540586731365064	
0.24979929717105193	0.9036489781823517	0.2409178243724	1.1097232713519787	1.540254472903175	
0.33627901681181954	0.53445383469157	1.2375505053630758	1.5258771500144193	-0.017531138054045266	
0.3541352218949947	0.7815663559548949	0.7227896667449482	1.6694672872270648	0.7929784950296017	
1.2525284582450926	1.2673800021936246	0.8239937327021617	1.0862921532483416	0.9641477242637191	
1.2349148362874314	0.9376308403172032	0.5050229960515975	0.6143082399773415	1.1334683754695671	
1.381902704015826	-0.8803319823395144	1.445277360335167	0.7991815748398402	1.241979243063121	
-0.49829830955426063	0.586203907244742	1.665557691967298	0.8269265531154499	0.7294654424958097	
0.8688916412761255	1.2865638330505476	0.9338880754497575	0.6092270425162558	0.5468892063659908	
1.0753676380006978	1.1502121891829598	0.6231436367587412	0.1625134565879841	1.4400558406096668	
1.5545491228478414	0.4839804743503802	1.018111657250714	0.11648848218815566	2.334998728381116	
-0.02774662488838875	0.8756011687763815	0.45478188988998525	0.7221321828847133	0.431629615349944	
0.6904299151400525	0.6670114592106189	0.7935068644266975	1.6780577128020637	0.3391961649977873	
1.0916165684865375	1.181597653882522	0.8694892811905663	0.8975411494448312	0.2611837893490064	
-0.32126751222800193	1.4865623726392767	1.1185159315880588	0.3520162176364374	0.6032415350212847	
0.6360175045757341	0.2408600472133165	1.0176716513215631	0.3603976558032333	1.8383177528126788	
0.4841206498930352	1.3926778481416122	1.1994296362379198	0.7052453810433719	0.776985395707568	
-0.05044861924899234	1.6351021204331733	0.9526513273341078	-1.036367485752056	1.459456474851383	
1.0255931464015207	1.3224265435945297	0.81437791212637	0.6795599804679142	0.34384747589766823	
1.0004913547935743	1.048477440036605	1.0875349649681263	0.8019652322639449	0.44223267019973117	
0.8597942633932134	0.6850774931295867	0.29057920485132804	0.9313240241204801	1.3714572998457344	
1.4533676221570062	1.1591769282649764	0.6902710529186656	1.361603694989674	-0.6484664376777048	
0.6679508126953766	0.9686114347158553	0.7207221316263684	0.8456025029905636	0.6291854742655171	
0.7459995174659396	-0.5199190717330135	0.5490332470348551	0.897724538624926	1.682981881076268	
0.7882684398375925	-0.022644962689312535	0.7832537478486873	0.2825573482756223	1.6895370285125908	
-1.3247828754932167	0.7142292742259834	1.3294111526641808	2.0855303566928893	0.813786933263362	
0.9239342796322422	0.749566525291069	0.843065957575383	1.3262767856497764	0.7449352952092871	
0.5180036875945955	1.0164844111177949	0.07642912324362931	1.1546633767831118	1.142407654393459	
1.2300522835361032	0.823796876043277	0.17763532829990877	0.8553672468080693	1.109255152852639	
1.258357915044533	0.7251886426790475	0.5239176662922763	0.7136854497706835	0.7855037745279538	
1.1520331115127151	0.007208155765417308	0.057527509667969226	0.8611240720043893	1.6540202080582218	
0.8468572383389222	0.777872098801972	1.9735505380954492	-0.16092067214383554	0.3792330874116068	
0.9695219303069263	-0.3519726792915908	0.6920811988157713	1.4734293444104274	1.0557287140884732	
0.328441788091924	0.8482472806797627	1.008142243745574	0.8980080584522065	1.1196927669941816	
0.6780725407038853	0.2022762858767193	1.0229768097689844	1.2560358161414906	0.8933387190476371	
0.5523055250169063	1.2015149468054402	1.3116427218713267	0.9728129115949644	0.6636348496206179	
0.823504263936053	0.22971665544648284	0.5966443415255829	0.2243637381409832	2.203884933002678	
0.7247688011617756	0.6381780239600007	0.9675245554055195	0.9262550180106253	0.6233124979643632	
0.6266908870047326	1.0010225772386216	0.8231996409367577	0.6411286841107706	0.9341690620811334	
0.9711790884160826	0.8476675916442317	0.9882336055998902	1.3479916192780823	0.20631206008602337	
1.0093015218989658	0.8566509034940422	0.447772533770896	0.897741748737289	0.517838406218468	
0.8357657711038163	1.218291680474675	0.4574098550317793	1.1565470962633502	0.41474637661667846	
0.8275112183611364	0.11020715631931013	1.6720058196835768	0.8465924186668528	1.0094180895883742	
1.3586164825654348	0.08719788617656907	-0.1325435460099932	1.3512796076354538	1.4793447111932385	
1.0168288652738322	0.49597208291796707	0.4407103877029551	0.4777294755473382	1.6670823612512455	
0.8365250803288624	0.6662036930427109	0.7015458436929117	0.1983878403804083	1.5268313954797161	
1.3347381203085986	0.864657310800144	0.39691121627486264	-0.12579997491816805	1.7525762457932483	
0.5179355082822226	0.4051664876948053	0.8787838959252411	1.8135773451942718	0.86092372979639	
1.7531247534741639	0.6126449993575037	0.28886208394568214	0.7840079351310145	0.7574465180246849	
0.2774252144749104	1.2895408370301231	0.8630658098564699	1.1964839007878536	0.9966851765141238	
0.8725471420799135	1.1386895930918395	0.9009617739833751	0.8203736456153392	1.0574458657661847	
1.1169402859132347	0.7764799279954786	0.06603489838391036	0.40449573116664056	1.5664977180613129	
0.0344045063625191	1.0085069372272821	0.6785511760666945	1.5585150151325797	0.8659003417739342	
0.6786205751381511	0.6296449136800235	0.19626147574136385	1.205272404161195	1.1954865560701158	
1.027650876795848	0.45045919924068484	0.7927838629903292	0.4732007514018304	0.8600464278944798	
1.1027744547270053	0.2836202435711525	0.5460081544344223	1.6738081364938286	0.06534874936734474	
1.0903830806772516	0.56009095560022	0.7513836699839522	1.2683947400025959	0.39824847893361515	
0.20774223683614904	1.3411555185243695	1.0529150783811256	1.445084092871722	0.5615060356777961	
0.9717298893860433	0.5753339641735107	0.3588889984814117	0.9321306819750532	1.250442919353848	
0.6148802847465138	0.9296761795682037	0.5660862658022788	1.4975851462325573	0.6447841256111292	
1.3098567754601342	0.4633741992812051	0.8891895828670818	0.8518292425719807	1.3413276225618236	
0.44307440917237034	0.27064218581871435	1.2962263190449113	1.7391247423320486	0.44908118172186406	
0.7785801733955853	1.5350519253357797	1.4404735225616954	-0.07022506556322905	0.15782613850397645	
0.8526461356019867	0.6769022340516819	0.5070246837852711	1.0478971484631874	0.4278207951120663	
0.5987745759260401	0.8037850786750801	0.8134618592040523	1.4513210261092249	0.5209171275713678	
1.2373531574035563	1.4308913471376992	0.7988055042745795	-0.06104942926104485	1.3737263682858485	
-0.10675202382858288	1.6038337690052766	0.9615595224595284	1.013656897943765	0.2268974299602974	
1.0563310257853091	1.1770337195064655	0.2755660621680186	0.6829117747282577	1.125837814015926	
0.2570562051843114	1.3166047234581104	0.5526197279517507	1.4567316887410235	-0.43806674254104216	
1.1439749133943078	0.5865926817288435	0.2502601820087838	1.2222871711353553	0.8473654168146291	
0.5772264220711437	0.940628862329838	0.16950459235377952	0.7564780237356095	1.6015027053657631	
1.6116528573055813	1.4651802797310092	0.8005529512380283	0.24804449284234756	0.912765284973698	
0.9795134750012877	0.3854214468469196	1.2361777222169565	0.6356536935364804	1.23126231932525	
0.7374727606848407	0.749771355667045	0.7544117303350508	1.3901494487246986	0.8965012776724242	
0.775731664630643	0.6338404086817295	0.6770849502828807	1.1700683278737107	0.9248268962410859	
0.31324286139833196	0.43407509312938847	1.2491189956349842	0.9467563961119377	1.4297153554533772	
0.4283573426340369	1.1471546314046421	-0.0901490679943229	0.7781521925659075	1.5609805223288888	
0.4967516624945139	0.748837632740212	1.217893126395424	1.0150679276063777	1.1553350764603711	
0.8742100011045603	0.7738688638395868	0.7111273694150754	0.7793283508377691	0.8807461918907942	
0.7995728792520742	0.6280925395475635	0.4773814292060911	1.700803713121503	0.4874313093380737	
1.5969122292675089	1.4395164864798875	0.9085377016804229	0.9861816284881837	-0.0980970502183822	
0.9981785601435199	1.0010489319065226	0.7924065549583517	1.150251048425116	0.42099300119366756	
0.4070309497481875	1.3543388530094114	1.5951092015532105	0.5636266380865028	0.9738162678604362	
1.0683211318921118	0.5074335911264625	1.181060949498239	0.967968075802569	0.5154641530286126	
1.4830816747375877	1.8323811570929287	-0.17483563911193098	0.8640483911284452	0.6334880883880669	
0.2186120510905243	0.5502476407352617	1.3569336404485022	0.9222108609264205	0.6908861282683263	
1.048209090895773	1.0178067317175916	0.9697451445366666	0.5951618881082409	1.1423911311462336	
0.3975506993616305	0.3512047894275656	1.468050721496475	0.7549850018523825	0.9068788832569262	
0.4673532320911867	1.1769152080595568	1.4111619002869524	0.6542320108570066	1.3306826978499908	
0.4314558791354069	0.8476972166082177	0.9674607853767366	1.5702120157078572	0.4107401941627642	
1.6374545468240762	1.0937829692709837	-0.11005003041600145	0.33335875800823506	1.5110089781556688	
0.8892485671664507	0.47734623606756	0.4114235692496348	1.5693386839885144	0.9137852610394246	
0.32418405451595994	1.14214501220895	0.09868356930443056	1.1172801007192477	1.1316081630066597	
1.4205715365371936	0.9667478242963262	0.9242907000885203	0.35455974459505046	1.1479148279315974	
1.1954130879638853	0.6201692909256666	1.0372731509242896	0.9950017879954393	0.22469839285196286	
0.9973922977033809	0.7816936416435712	1.0088912026065333	0.7477635545336138	1.6845672292947695	
0.4846243429275751	1.386317582994892	0.3711729827950211	0.619300817628148	1.1859842503724622	
1.0419081399914008	0.6126890220410423	1.1194403341785708	0.951762095309707	0.97336560771587	
1.8543189834505192	0.3261294962180262	0.7157626329032347	0.7447735728355306	-0.24561956200595383	
0.5218993457301087	0.6304799755476801	1.1256672516849042	1.0312567941685042	0.8931421544182138	
1.2121144808441395	0.4009343507350278	0.8536007687117624	0.6496167834481513	1.4409412759710667	
0.6988529989441192	1.04492468502289	0.974712013524954	0.5164451571267258	1.2571205175089137	
0.8190792051852005	0.9596025509620617	1.4938567617470369	0.8017409473287395	0.0626574359285851	
0.4875994689206746	1.11265498503955	0.7704832251386524	-0.11008601685306604	1.952387478576567	
1.2831361576071343	1.2570888891523986	0.633118731348185	1.324516678684406	-0.24138665301347023	
0.8838689714424628	0.48514508705494713	0.5489939428805919	1.1032759819239466	1.2632150878368102	
0.2621060645560766	1.7084825561206336	0.9455676495431594	0.31047181085522224	1.469694886371961	
1.0445608441515601	0.7619134601045912	0.6654253189306785	-0.25326642918006675	1.6905112636516988	
0.8387673029088484	0.9670086810926991	0.7660651862557483	1.080781704624806	0.8735871578409788	
1.249702763325191	1.1124675202516137	1.002469390373709	0.9067696791430586	0.3970006890954375	
0.05495832245445217	1.0573116561995715	0.4279008911844423	1.525361095417009	0.25408287257370643	
0.943348540309788	0.5366467628100354	0.8905614117769558	0.7078614214302933	0.34132034290910535	
0.12612437232382023	1.2526511012654538	0.9367714158721955	1.1416682275852257	0.5398688784918887	
0.978667645962905	0.3414047309709215	0.3917609085879751	0.9521583772948945	1.9498742473655843	
0.030312680806617164	0.7539634153421021	1.2702781348896002	1.296811532052467	0.24233563250653936	
2.427888191921649	1.1830208519949899	0.3868840531123001	0.4970218925776145	-0.6349924737149415	
0.9110695260896001	1.0191763497668904	0.3692526174274807	1.2654109774543594	0.9487179370696344	
1.0523369935114368	1.0125319107696167	1.6712809309080334	0.3720788236120521	0.39434256368498105	
0.8644223089533113	0.4661195989590509	0.7227888140174845	1.6905070722055724	0.6455467349305556	
1.6047828195698	-0.2668290264138405	-0.27622328990653156	1.5846925080518997	0.6467764611782795	
1.5876648146670616	0.8005569269906231	0.1655060978767288	0.9041959213282126	0.47866525575543867	
0.45863757297805857	1.1939717781716317	1.0099923138503721	1.0869388087208969	0.3583600429274159	
0.8893994996849179	0.9720540235641885	0.9895061380655635	0.6839999395113162	1.2076999084797555	
0.6686322812079557	1.085037255014881	0.5877898789884831	1.3078961276245402	0.6052189949912264	
1.224636889274856	-0.25538429970443743	1.3441018564489287	0.8780062651061027	1.278726074726955	
1.0906469375885957	0.2753088841132571	0.9846394150980792	0.6385650789391792	1.4738360471743819	
1.013800796512822	0.4534764841423952	0.7113936879446056	0.9166513962944933	1.4618123270315726	
0.34030701217504034	0.9698025593544343	-0.7588599764167954	0.7053958453376117	1.3928399009345052	
0.5830656137893512	1.011372362375568	1.329196207185868	0.2539579261658406	0.8989155492592392	
1.5478596887134584	0.7076302826797018	0.5513627837534465	1.2725131415712283	-0.28618051889471163	
0.43529930645148507	-0.0973061110796152	1.1684223376680316	0.8556267973463015	1.2228360286705808	
0.834248075101226	0.833047229336498	1.0495465744153376	0.5830224385547361	1.54618300285875	
0.4201956338629494	1.1533218475124214	0.8623376478975203	0.7864254784204188	0.29672261180110676	
1.1960288306122222	1.1446108325167528	0.9649859098332559	0.40649855912832344	1.117946894270469	
0.7149811639187079	2.1576884296426027	-1.2402337487200408	-0.013129561579674414	1.859851035194696	
-0.5074312140687032	0.3771579906088985	1.8667267418059459	1.029152176273022	0.9770136301225044	
1.2466802775186225	0.3749568020856916	1.165022657666265	1.0401675993558306	0.7666501255651508	
0.8180388385876497	0.6218504222875479	0.30552068473349975	0.9419336610452601	1.0314748311979964	
-0.0176298964335015	-0.03150807383640965	0.12351598490538963	1.4097239494798206	2.1789909682907167	
0.6252042108127165	0.657973286028608	-0.6596007261168079	1.6033649148481504	1.2230167389487463	
1.335771399857491	0.21540719923141016	0.7057159031595774	1.6324752338450512	0.21585350056417055	
0.3079871232995142	0.07951659616940625	1.2123485257790731	1.303076305388793	0.7465898491887067	
0.7276541987372795	0.7787937984962854	0.7161517058135262	1.3874043905285198	0.19376789481927467	
1.1217844002287307	1.0188848076372372	0.36620624439783533	0.2669370455677891	0.2533269433567238	
0.7203933795652733	1.2113357376927272	1.6324379491593681	0.6804138158416786	0.5918225920820658	
1.0037617817606195	0.9747114818296269	0.5280544395335206	0.38944824591713734	1.1500267536200555	
0.9665972985879002	1.16832702629722	0.2745162708408213	0.4645337885095476	0.853748576813312	
1.6556853210822653	0.671245615633086	-0.05854567680204618	0.4848630850590681	1.6150193559399353	
-0.40527580903422655	0.07357009844234778	0.4546016788032976	0.7898064461644501	1.5595298080589592	
0.538199171169658	0.3995818179780081	0.6551063174277192	0.3312534380015812	1.7602699940935636	
0.38312054258071	0.8526770165452572	0.9872701356639046	0.9317709598191738	0.8583948121326331	
0.5351104364884747	1.197021520471295	0.598299501279612	0.8553971192175486	0.8181990946151048	
0.32764622187038117	1.7593087281639455	0.8275334077521254	0.8509773565280628	0.4788310854971846	
1.388728740363801	0.13917226473414873	-0.004906460543395437	1.0253531131701912	0.7864652726415748	
0.4042135680941827	1.1321873227264194	0.8693028990459682	0.9230926417602348	1.1374809385523936	
1.2254906477357526	0.5145808835246555	0.4014820852612615	0.7394152344767693	1.5253626677440197	
0.7781638696739773	0.6744210708622771	0.3782519076533135	1.4195604754262965	1.1455615386477855	
0.6385049287943534	1.5700233951418072	0.8292777503399976	0.31678192443920916	0.4671175356255779	
0.5502269167333116	0.4302369866570018	0.36442402548000047	0.7423656840240505	1.4676373554719182	
0.806630778193765	1.1117319554000276	0.46930178363942254	0.028658439552160027	1.913511807169711	
1.6876366897153052	-0.696346671485161	1.0508137114152156	0.9913669115982195	1.2471970105179113	
0.7308775673742152	0.5370396274011044	1.1708498545185257	0.502525440818845	0.45719793915063156	
0.8764458594625248	1.0844293415567594	0.7200134364064696	1.2699731907667253	0.6599867785962761	
0.9995024219332111	0.9028361292904501	0.6557760782234027	1.1163564240683552	0.9513634604494711	
1.037310447054595	0.1090755946469228	1.3931142494287267	0.6383648293735755	0.27576544739442227	
0.08766619130843428	0.7386706743243534	0.9214350082138585	1.1836546344200987	0.9499865376200956	
0.4730695467170458	0.9256698545863281	0.8055624142817778	1.298843306022902	0.4772290878051527	
0.6757821961648532	1.600760503413536	0.6757172198735333	0.9143343133605362	0.49884134680411657	
0.8762534541741193	1.2728541599540717	0.8751814722425033	0.216769890721232	1.2969411066887158	
0.955060582411663	1.2217881554102612	0.9602191505186234	0.8198498062261265	0.8984495901838623	
0.9125686720618604	0.7255532109961693	0.992802511270798	0.20797432759531062	0.8881617228177544	
0.4688629639859717	1.2881189902510506	0.6851973393801504	1.1854630492518787	0.33036171938286485	
0.8704267552151147	0.40957642524495236	1.1298830236016706	-0.3215359276283916	1.6353665338948833	
1.5851471474860013	0.4825280374273528	1.4239048647432844	0.8268816485390215	-0.045391035462610835	
0.47763879642311513	0.7020609936071287	0.512530653737197	0.8075974525479562	1.6852505052869435	
0.4283364384547728	1.264064398164504	1.0130114295315478	0.8363687786808465	0.5097561126005351	
0.4515185034982932	1.3614666286986552	-0.0920831558153125	-0.5113619468265163	1.5376747882928612	
0.9103747868027842	1.2805826911462368	0.9201641072248469	0.9217751270682419	0.19184463035298496	
0.46274623027782896	1.311238240605466	0.44456317086983116	1.1225026764557	0.42216519955309073	
0.35177006905044944	0.9046127236389674	0.3623326205854102	1.591242388407427	0.32605696623939545	
0.9242434980531812	0.5549659800000247	0.5320113095361518	1.585901800566343	1.2138222176794184	
0.03679027858376572	0.41299349028026194	1.4882183028533569	-0.034905402549494556	1.726019210416645	
1.4228125831201868	0.7637376374496886	-0.32230349406597475	0.3161161393840872	1.740904323927529	
0.6951083674707158	0.7477601906890382	0.9663808655516728	0.7327842596204646	0.932815662476542	
0.5281393585654851	1.0688079815079672	0.27649003959173163	1.1576773731028305	0.930251210779875	
1.0843065605866145	0.8253453509113666	0.3860432302805098	1.0777069530068308	1.3352521229873664	
1.3430371003610222	0.39565854630144576	1.2104939766860872	1.0484726584615387	0.911817025327027	
2.142251224392051	1.1928680661403777	-0.3650676481850801	0.999378328895452	0.6248364853935233	
1.0043688806636535	0.15422444948433092	-0.14740709659770818	1.632627255887585	1.1252975652330233	
0.5747242361063606	0.2991637273094497	0.3315231240197985	1.2120794092994904	1.4320524076519356	
0.32429238576762187	0.9507611993694077	1.0724487772883224	1.0328586962146173	0.8124090967484355	
0.6933956558496628	1.3047359390281439	-0.7038552740506246	0.8293937651979173	1.2290103424739034	
0.6048695741836414	1.2032067306245573	1.075938519225953	0.46986254227732066	1.142491100745514	
0.8086353710814788	-0.3271903730049188	0.9385456096801993	1.6960020066232246	1.0514259770338343	
0.9251150137918221	1.3091101372024534	0.6899946002994315	1.2893757080612307	1.186092969741862	
0.8668160598756278	0.3346127062692072	1.5565487993532319	-0.009083942148492442	1.6448809557313868	
1.1587611920466554	0.41811186028130437	0.1034684537464743	0.49819942656512006	1.0990404187088965	
0.812725276867881	1.4190933956283618	0.6183546724688517	0.49077878012247106	0.6083549929203842	
0.5680017751498188	0.8627278462225338	1.3559516633193922	1.192231142196785	-0.21514446068365037	
0.7677866092906116	0.9078508003514164	0.8321162380046405	0.6541074212772331	0.7335729444939607	
1.1526086575208343	0.6777602299319027	1.3787448530211346	1.1169761453768938	0.20990827994867534	
0.8775721863141188	0.8989652552351736	0.7859380818471833	1.0726812665904346	0.8764544198197337	
0.19515686690984188	1.0435925343407746	1.4137985913603461	1.462460156590145	0.9386905446375718	
0.8522917000337571	0.37368983954697443	0.4356998175811567	1.6467248779917847	0.962430414196325	
0.774420243182714	1.069703215051375	0.5808757585259589	0.7474779450638874	1.1549777906893681	
0.7694171764150844	0.9029505716384457	0.5632622652880326	1.1738537717109032	1.2244969922595335	
0.5719958295860114	0.24843964860926634	1.0193072543758428	1.180036944789162	1.0606564824973428	
1.7476637274998907	1.9765976996036707	0.5795510734379314	0.30253120093301566	1.0826092404013152	
1.2437711032808458	0.8634874625185063	0.8050357708931427	0.05120240553580845	1.94768693902058	
0.9623687061677285	0.3882832049054049	1.2233678271114534	1.0502707860634266	1.0346537215799645	
0.7426387210628744	0.6288422789097966	0.6344294930074266	-0.47810379648753826	2.272202658518276	
0.6574614005889331	1.564505884939013	0.9572803667121481	0.27897718064252436	0.756493676050545	
0.6974454523454449	0.790567023419021	0.6466757881172535	0.9132205127489313	0.9177759656165493	
0.7168718961639922	1.3920920840262039	0.10358646671743506	0.5201689576118975	1.0773335047181993	
0.7149883183736951	1.1334564513644543	0.48809754739148886	0.21835113065687134	1.110418372903869	
0.09208623509285273	0.649178416710492	0.2880310814190898	0.3438704209268375	1.858750922756525	
0.7953302565238561	0.4628618317786093	0.47118495180226483	1.2634142960934038	1.164387789364849	
0.8037292314588588	0.29226892337290994	0.003458770922291073	0.6092749751714338	1.684148315898738	
0.9730936213575025	1.474193024510586	0.16111792121224358	0.3880685487750458	1.5960908196939037	
-0.04015719217965348	1.4815997303125152	0.5333564518230686	1.303894262792531	1.1367083019168527	
0.64733212223135	1.5250188111355807	0.4556850593650813	0.008336283334345884	1.2093521304458112	
0.7993268254352861	1.2516202737009658	0.642597979581283	0.42187325982992085	1.0963337700106435	
0.08601075835877922	0.6498088397631032	1.3971314819745433	1.3189529489051877	1.03936769901752	
0.8623904975800538	0.9165614896061962	0.6277925074892806	1.446759939015002	0.27814900121595215	
1.317031383105424	0.7640329993462471	0.4757860899356126	0.6673249986960376	1.1630230810978217	
1.7258949828692383	-0.9738079387501828	1.572886745019312	0.04367162588708164	1.5789256221368952	
1.1765415559141725	0.28338386400305027	1.20851603568313	0.9799464768470907	0.7725088172536574	
1.359339825713311	-0.9350443886663807	1.9778743327366202	0.3453545894418233	0.24875167035543372	
0.43538099806586594	0.40778406438635023	1.0846047586508807	1.6147815930244007	0.6803626354891398	
0.9517971437196386	1.2218397080896888	1.1174678066973902	1.0022145472006916	1.614671703392818	
2.3422924174811444	0.22871309303920268	0.6018994533047776	-0.0222492685583522	1.3520453254417388	
0.4227637508183438	0.752212213070142	0.7139324025679685	1.4227619605587654	0.4670072232122767	
1.8147332415230064	1.451238882632196	0.6102930674966953	0.5068958848687524	0.4057069495771955	
0.6741534503612612	0.9047632351829975	0.8703927659295012	0.9796781511492723	0.6875837512403025	
0.2824250200099712	0.29992820226440486	0.30267417364061155	0.2445357829849346	1.0247573712189624	
1.502904680789182	0.7850349777053227	0.32305112047562157	0.5337885721849891	1.4906556716052666	
0.5127693495832726	-0.11716251170551574	0.7685453647430671	1.3270281894893612	1.4123015767861593	
0.8557460634729126	0.6792252765768407	0.5817931957878275	1.1339968178254336	0.8609873442365545	
1.0236598507639318	0.29884583372943346	0.3572412302459054	1.2860817996507383	0.9745931023228552	
1.1339473831415579	0.6193680915300498	0.7617460424747279	1.2399228325844522	0.41723628293376963	
1.1269747291976535	0.43983983269212795	1.0241467158214088	1.1644518986624453	0.6251302911777851	
1.3254861414824084	-0.26732470216794746	0.6505110847945274	0.9573155451245681	1.1320001821752228	
1.4820513310571641	0.7046316053468576	0.17211580095885887	0.32195839557672107	1.2067722163988877	
1.409884062406191	1.4203790703012091	0.8865267682489371	0.24963654246984693	0.4440307840743373	
0.5858428082312639	1.3842070856629851	1.0215094495302632	0.9151669217235405	0.6280175855604624	
0.8769191727596506	1.209575684977056	0.8243021607222174	0.23115742771200307	0.7113805396560988	
1.2129097604816477	1.3285029112605848	0.7860333482196658	1.122071277608941	0.5608873976436675	
0.6117900054022714	1.001194947017947	0.6690714501543503	1.300487486047651	0.9019019472312098	
0.4604863359623022	1.5882353993427287	0.09834653313936764	0.6489390146725766	1.0948963071656304	
1.2419514028069392	0.5699485259260618	0.6149926712256266	0.9440437947027741	0.982417732277729	
1.2461403219096308	1.1095257090229795	0.3824034180389475	1.161055808543845	0.2852955855439656	
0.2601516753356148	0.6998172187030585	0.7784412738566515	1.818249289451315	0.5516423838646434	
1.1144033257688404	0.6024579810546762	0.7551553785739795	1.1764314365543365	0.6807287804442266	
0.4989887200591764	0.7795077229963602	0.24725061517569064	1.019188757801516	1.1266014332884409	
0.6665939098694961	1.1864199187753146	1.1105693183263552	0.899700871779126	0.3361775482545022	
-0.43876124905509506	0.9443975121349075	0.6696833529454137	1.5024037309627258	-0.18454302043773535	
0.37838303483713553	1.174135062787196	1.3022942654337928	0.2907911587683628	0.43053826818657837	
1.7392454270417061	0.22231657815128933	0.7516345768753447	0.7309676465773054	0.3710724439725895	
0.24306760696011637	1.1186106924145907	0.04117971316908758	0.5920538045971028	1.6571983623402038	
0.19216076056343057	0.8151981713472612	1.120884554066856	0.3037958885003154	0.7628561689743074	
0.5469947743678917	1.042983124281581	0.5212927985220772	0.8019239648234322	0.748132739187748	
0.02446405852581896	1.770765450382822	1.796477613260942	0.32443711091476696	0.5321627682758382	
0.8511901335730584	1.3666324114576074	0.79331120955688	0.6580448111383895	1.0563777431843222	
1.39411661487462	0.7724828578615512	0.47915490939546423	0.5145695048500596	1.3256440548458726	
-0.12226732259479213	0.8319727734838054	0.9368272232040077	1.297146382735202	0.44670910398173314	
0.8482665305551946	0.886821938705608	0.6813775048911144	1.4449424262257218	0.44795513438913065	
0.3418585229949887	1.9288242456010092	0.8608430392465293	1.0185635172841057	-0.056788072776143256	
1.57388238662856	-0.18244468110497644	0.6052042822416442	0.9606797612399705	1.2828284723694108	
0.6833525354794645	1.618316896823938	0.7877620378287763	0.22873840699236372	1.2061491838161773	
1.01902530538852	0.5866514954322701	0.2720827582094582	0.330387866430657	1.309024425997903	
0.721241285348156	0.8025910066657174	0.5165726707296254	0.7557976508773309	1.1564224424098748	
1.220259266878188	0.9738323302700735	1.2197062343841563	0.7305256576397514	1.776877232604708	
0.8768573051527228	0.37335861865124814	1.563848124154109	0.9925033339013162	1.0367762450297728	
0.864293135399168	-0.09347476968900252	0.984274786016679	0.743392936137337	1.0210190814551359	
0.45049034481464517	1.1691397306780702	0.9403985895671484	0.9463817743042824	0.9624398157996509	
0.6439028096916295	0.8772663985259033	-0.3359126750497952	1.0581106581060946	1.0507323262320174	
0.568061569357681	1.5965678133174792	1.5934065942792324	0.6767558741820557	0.7281994991095768	
0.8938915968116106	0.387489458813445	0.8356552453873236	0.8894531627785649	0.9647476586993	
1.4303483102398264	0.6658360527718917	0.803015615659671	0.7990879037774258	1.0756600560894332	
0.671457761364741	1.1396085111155034	1.0558439472514534	0.49297276043224236	0.8004674219852189	
1.1578280468648732	1.230613543591053	0.862882802112602	0.06683658305153531	1.1954365549901291	
1.1350498310079762	0.34052724517710015	1.4287331388474602	1.0072002812157248	0.28576857108051096	
0.4342784431412818	0.12140633700197745	2.704896385684131	-0.4968154363967626	1.5944896647437312	
0.8771207757579518	0.5036414205167921	0.623790972455548	0.5328160168860597	1.4393069699005465	
0.7899504006490452	1.3440577631732313	0.6172539765389997	0.4506264703676071	1.1410665659878547	
0.384787223068837	0.8037342518157502	0.31684824055696276	1.3305856382259904	1.0138613102388234	
0.9297175735609244	0.5342703629447619	0.9110811116619177	1.1914250379594642	0.7392032723437648	
0.8517832144911047	-0.031033409147994306	0.9526213990899309	1.6053237915451668	0.634416869206027	
0.7421887833872258	0.9344829734296342	-0.3856944324501101	0.777594929866976	2.0466427199363837	
0.47881414450787924	0.40852120295787286	-0.03607373765323724	1.5451953499414037	1.3322037345421676	
0.25380239772135066	0.27448460923416496	0.5369548473951503	0.9977933317511548	1.8870775827947393	
2.009208234085609	0.48593790501877054	0.18489299323508407	0.2966347844774142	0.6873061187408614	
0.6186371595009517	1.0225470522579945	0.5356083727879886	0.23074523946949374	1.1449738630494637	
-0.2605880418507399	0.6614151684112043	0.8736371781031487	-0.8429953994568323	2.996506192726115	
0.6344130486381244	0.8723494384498731	0.4704397416940216	0.941478653239502	1.1305753536142586	
0.7930096023601444	0.4567071012881803	1.2744457627641816	0.9168378420296369	0.8370993294751603	
0.6053505345408009	0.26766896483685254	0.8818547226475766	1.534281321240133	0.831237925035659	
1.4791636975607771	0.3909291701252255	0.8875858385849006	1.4713054723395103	0.14717434714362712	
0.9145065168743197	0.721141260769955	0.2927516359932464	1.7785796564604637	-0.1667622997846126	
0.24013074846073354	2.129237598143399	1.5572326103989813	-0.10176004912362836	0.04663648225434238	
0.7690719517561619	0.5871840939934732	1.1083142415145657	1.0576081508947417	0.9667801683015238	
0.6007602853728671	-0.2520321752291476	0.3408235203925409	1.9298693005502945	0.9828684058675671	
0.7201063108367616	1.302497222396413	0.434282768235761	0.4237984296454647	0.8256393239775046	
0.7749556307934056	1.0880243294915921	0.5521129046086236	0.8211221881630255	1.2117541034140522	
0.9295850056800478	-0.29757113373772087	0.5553723143588987	1.510252205539937	0.39049786349710724	
0.34054776751707844	1.4982580688197946	0.7218788967935438	0.9067050519498653	-0.09417757237633144	
-0.07974024497238424	1.1522363459917075	0.3666618262863848	1.7127548765028124	0.7107896935533407	
1.48510828824347	0.8134854195250344	0.24331453870895695	1.1505178483849952	0.8251390812922639	
1.5141561540709283	0.9474021605659999	0.6704128592368244	0.8576316808108153	0.7603704141869551	
0.1098927767946246	0.09784207365462638	0.9688088510900957	0.8622279177090915	0.41898620193471586	
0.2878924808823133	0.4396457446572969	0.2660252795546255	1.3927286981049771	1.1329838128063336	
0.5659459308527703	1.3097532385051496	0.6489611063280073	0.7732739408387143	0.9008759586843968	
1.5189846404754621	0.6486667122242603	1.3143864983052462	0.7938073663069295	0.4423276239528239	
0.05024371190559113	0.9918418516899902	0.5848764081135638	1.2562382535763208	1.4030240819655253	
0.4156022914107672	1.2197377954265642	1.0585301728327006	0.45250873366952316	0.5873760024405407	
1.0232525008147173	-0.33850114318900976	1.79572515666295	0.8231123687483524	1.3259358684625564	
1.4332988951814938	0.3897787597199818	0.7834726228222371	1.198672904527923	0.5883330210762447	
-0.2900451653553337	1.0754789927281123	0.6049277772165473	2.1006996647305383	0.35257428063477203	
1.0543807864217491	1.4804367817286612	0.5563639450647662	1.0520183666547243	-0.1475932148010322	
2.0695570162377646	-0.24228081025762707	0.8148972115220132	0.8383511904658909	0.6711433711519755	
0.3520443652967168	0.6196226809452313	0.16978871363918402	0.1753206994977601	2.264743859174889	
0.7992892663674941	0.5037674313248395	0.6371641576087086	1.1933374669456462	0.6974978972672244	
0.5238212584441345	1.2594899595602271	0.7154402506171667	0.8136329196960628	0.7256696075167511	
0.8772929999879704	1.2257938241789372	0.7759297401421605	0.9102770363925011	-0.21864258487899244	
0.4979550878430237	1.1938231390203329	-0.03503650339992334	1.3591729456108221	0.9251434673845029	
0.8573771382446825	1.2086290017848036	0.7561815777086462	1.209962068253173	-0.8010854092039319	
0.6843531799823375	1.2564170393240357	0.3835632749124223	1.043953570054346	1.0446701239764251	
0.6490609672596815	1.101466724293773	0.8736544038642641	0.8746096119248051	1.114893318372602	
1.0347586632592407	1.5356442769464886	0.6033573344369209	0.8261468921616832	0.3071087019513462	
0.2686698416587259	0.7061814961387156	1.506709637821807	1.0662926536334485	1.0714265360497113	
1.274179741986793	0.9051586053462656	0.5144654343152767	1.4253813842164405	0.23913079696371548	
1.3453429058532502	1.172237105414814	1.0637868255229364	0.6124518806483459	0.9926397748761344	
1.2738273882687068	1.4355712619466474	1.260202594176405	-0.1151282154915436	1.3623345620779022	
0.10041219573963771	1.5801822439204887	0.9622347732803658	1.0268287236154623	0.16156837723632592	
0.3040036560717966	1.092925883304198	1.2540042220379979	0.9471739086381593	-0.09721733901984084	
0.5315221275779941	1.1847417993862743	1.0270388096194498	1.0519373510752656	0.7904898989867607	
0.2713542583456649	1.6465016772135286	-0.18108194071963735	1.168224329752834	-0.17924815369460223	
1.1884985402911565	0.6651547982621606	0.648454879224862	0.9774108017218675	1.1919198646350049	
0.5105340675576003	1.2907630183739836	0.9794435596157343	0.5942236392836886	0.6841584073913793	
0.7080825861319563	0.2998190535127633	0.3051202159285667	0.5405257368429048	1.3547837602862387	
0.19602110139581905	1.7719594025947207	0.5958002005673219	-0.25260999761666775	1.5277960289769525	
0.7102757009819807	0.6306104590077244	0.023858131060357737	1.2817647948897113	1.0652638596171504	
0.8693834575037549	1.0783688887607903	0.6958398304241974	1.2041833167642895	1.060516896900897	
0.45802083386444853	0.9646205659117248	0.8838892906938486	1.366317001016688	0.33981873645479704	
0.8435103149452569	0.8558408941405263	0.3825065370145598	0.8930652791471595	1.0384642821357433	
0.7806446461087656	1.0934345933461433	0.7854799174004459	0.989737551795731	0.36885748176664374	
0.6354772929592318	0.17541914141841214	0.8093641360979393	0.42318565459351737	1.7863727764557908	
1.043859223628768	0.5233764553928755	0.5487640001385684	1.2547939312679732	0.9793407297781159	
0.8197220197504099	0.9960752009935361	1.0332350125593832	0.6640586028373646	1.4787791851593122	
-0.08958966931873932	2.226333073655729	0.5589361808864949	0.569909595261007	1.1201272864651943	
0.6500565101037789	0.7316222959105343	0.5571943297150161	1.347177914796955	0.9286342067236822	
0.3816756917591069	-0.4879865040799887	0.9204138555080575	0.9757066896764279	2.3501997884393284	
0.21004919449695353	1.7298837851001938	0.6095399403214327	0.4926962283372365	1.2534606707986222	
1.8451973009637737	1.3499146663656685	-0.08280954918375386	0.6943607471123041	0.23794670455690078	
0.9748314646006078	0.8592387829839019	1.0001789770243015	0.43060875290434	1.1753210739330597	
1.7888010163251042	0.439199779242155	0.39459985373981127	1.205970317124577	0.38866064234137426	
0.8701039682368008	1.0600519473517094	1.2306327679873876	0.8168645220169141	0.639590733496108	
0.2581527766138099	0.2663475968696204	2.4239591719736167	0.7227265849303113	0.5923796441688457	
0.47488886811930237	0.9709423790983007	0.8821628698044557	1.0865011000277287	0.36109080416909606	
0.49753100074688816	1.1749186726084089	0.8263172875965576	0.7549025840227606	0.31763672539686183	
0.45450428139580534	-0.0714607783067144	0.8003819231795862	0.5973066844943825	1.8125079882745352	
0.8480698427039595	1.0858992727115042	1.076933144902103	0.4695227478971874	0.8291175138860288	
0.2426231985126218	0.7465436448790402	0.8847403635576495	1.0431659600888772	0.4050717116481143	
1.4356407971659195	0.9401019437860128	-0.0757098516915111	1.0965653079640703	0.24374939483797065	
0.9700568636838865	-0.11619759719537141	1.3290268653094042	1.3997414232763776	0.4094953254495429	
1.4363321807977936	1.1695993878759543	1.277375767858609	0.13126834487273356	0.5130737236164907	
1.3923670609093153	1.152595178758563	-0.11750936337705513	0.9756387129059725	0.4143571796432714	
1.400544030650349	0.7117048571674297	0.3604354288862976	1.112373922027833	0.13348760407901475	
0.776235405159316	0.3772521906914496	0.05311831368624796	1.2943474272445004	2.0503580430680493	
1.1179460627318583	0.13993232750625298	0.01766884896832294	1.5912823236530533	0.6337396729568713	
0.979313805118005	0.8603401958539211	0.7543244449119305	1.1552327762772685	1.108232746137562	
0.711416333270925	0.7136528097781939	0.7279207817161569	0.9501323953607603	0.5259731569004703	
1.1752698096739418	0.8793743568399198	1.0069466262833793	0.2775356610253744	0.7752514608961407	
0.40716009608776976	1.1150104099743954	1.0663093328091964	1.00150239508024	0.4530639893963528	
0.30504570297598577	0.8657957739490401	0.6358848505698467	1.524248394718486	0.9694161572430724	
1.0260599333505693	0.722990655107007	0.4943240168956577	1.6291231954627527	0.5662028947333121	
1.1205833700819499	-0.11858473150009656	0.7973776785352213	1.3800587103150983	1.008958159891189	
0.17264624332732487	0.8024471458493911	1.053778232391411	1.1446194293301823	0.9087421474528959	
1.2510577358193755	0.6998658332812664	-0.2631270269996635	-0.057566898952671995	2.053996772051914	
0.7442047422033132	0.8044260493809858	0.987772607639899	0.8407805759852243	1.1930757710746722	
1.4338992301675428	1.3037838734110379	0.7566852405166082	1.1436390693245557	0.2534585527089286	
0.16998281681344765	0.39948868231169005	1.2864484456705758	0.002895283778347696	1.9882810599811789	
1.3452272136130106	1.5743745301573973	1.041767545844781	0.9038224884624143	1.7467602701299694	
0.37104355455571103	0.4075640173935195	1.1244409465207157	1.4137363550216906	0.6359943934705286	
0.6030861093976767	0.8786154857347604	0.8312725159917824	0.5894531140225516	1.0044222173471964	
0.22658183736670792	0.785109254754779	0.25648822661785486	0.8200864848725002	0.4059526752780751	
0.6573483720892426	0.46520485285761987	0.8547235891970701	0.7426849101184949	1.279105064892295	
0.8083377302085674	0.8624484200896947	1.144621692083319	0.8822544776124028	1.2116576638367904	
0.5481811123472432	0.9296594206146644	0.923572092979397	0.7853908151583353	0.8591360289116675	
1.4650250537564744	0.8903346300281756	0.27564527192695076	1.2132458451795032	0.022939900565406075	
0.8119513506167362	0.4142404374333753	0.24639805157895522	0.9254282677324471	1.296464218177173	
0.10030561202603229	0.9665294738216984	0.9949242985815616	0.7682879020031	1.074769332364567	
0.6792124978207169	0.6370844434506556	1.7386838162722007	0.9453941128400082	0.5895014902933008	
0.3411140812922566	0.027990201534813644	2.4651952531960912	0.14403162079634452	1.6216748380862778	
1.6121705107747273	-0.6599030823202174	0.3519861947417998	1.1850618293601634	0.5926182521456742	
0.7894208132856622	1.1494210177476791	0.7815509919104111	0.964122842439632	0.8409016251347676	
0.6999747344279552	0.8294724193424827	0.32398713994972683	0.9115095207535494	1.1907219052220062	
0.4572606393771288	0.7514689371538219	0.3457733104838718	1.366370259897055	1.5295324208986127	
0.7598900183947074	1.1569374025676566	1.1960329501128073	0.8315466382919217	0.5050621540175676	
0.5827226831555573	1.27630154084609	0.24488939217386296	0.45491738511290264	1.2081526098161899	
0.9779006534807766	1.9205836449281293	0.8394177451501396	-0.9130427407434022	1.1979715475204928	
0.7935890238939542	0.003153901540970433	1.015705479317782	1.274296236625531	1.33898479218914	
0.6053120505072398	1.3002053985449127	-0.015872489638517322	2.0816959400249617	-0.4195741582102953	
0.8941395344674865	1.5396958192040073	-0.031983966540207395	0.4075333237802458	1.3938170547137612	
1.059970087118945	0.5984479061193596	0.6076075659446838	1.2033764279261479	0.930541684810769	
1.3358490159051408	0.830429116585347	1.479260025820254	0.4598497394620483	0.18033035179135826	
0.6696256359654429	0.313932277748698	1.0055052749014173	0.5070909915287849	1.6366640713049658	
0.7291944184851102	1.041162922399685	1.0072892307393864	0.5137078755632299	0.8279731671672788	
0.6985879168709683	1.2691057410331996	-0.016023331529423326	0.8004509830594422	1.2921653906299668	
1.0424699719345913	1.0548668261352991	0.7213263539384628	1.0680997089489046	0.615302897475649	
1.0351355709696772	0.23989410122823004	0.8194611908126277	1.0760148607589377	0.46079985164450965	
0.7238067384257271	1.191108616668132	0.9665044033387159	1.213333308731087	0.45012460734940546	
1.0685797419234733	0.5842392658595316	0.6668141589578603	1.3264866330644018	0.7823716333296656	
0.3769440143212871	0.41805442396384784	0.40292374347547044	1.178681986862557	1.392656335713628	
0.45754562454710274	0.832836512129081	-0.6060997250745008	0.44145218415369086	1.9245284454586573	
0.5234084003415936	0.7263974540144188	0.9703759738035905	1.3182616542966854	0.6777828093242817	
0.2927173948049149	1.3416337119191173	0.7077287152580382	0.5691718393929782	1.2092605920712738	
0.7242731130144572	0.4686166602397103	0.6824726717147451	-0.201732400559355	1.8459249261356985	
0.5371984133781192	0.9406141920243465	0.6075027567313439	1.2148447328593959	0.6096278971946586	
0.9459966786582862	1.225393332724153	1.3621381236547894	1.2461821460975946	-0.14823539766955202	
1.6083621901606806	1.4324125486186015	1.0023262825560286	-0.001024658023245514	-0.39689681972003726	
0.6495053224893774	0.82794517475686	0.62835845495451	1.0604934184993489	1.2760652469334313	
0.9419473694380174	0.9787842606025388	0.4215674156765092	0.5672973131823025	0.6373701743145067	
0.2970183757114446	0.7886318746500741	0.797527269405819	1.7719631946623338	0.4051543696252431	
1.3717214403190834	0.7806397055999618	0.7310497970083417	0.5460356067473754	0.4759884025813162	
0.7263605016385697	-0.08032783314438077	1.6760073659795678	0.1838350409320143	0.9593443265481981	
0.6903681260975865	0.6946436849196731	1.6404184888482787	1.0409866050186396	1.096512098136221	
0.8276122917892966	0.5397040720479518	0.09186427757235696	1.271692051895511	1.106173017630129	
0.6277825195456496	0.7040246173378857	0.9257692425260787	0.7283923163461957	1.1946341400432106	
1.0936779820831766	0.950331370266016	0.6552632401410962	0.9925218970621515	0.5285297717037016	
1.672824918335796	0.5316125523839206	0.18853026956374164	1.2018368164663873	1.1595483920574752	
0.43137298452001677	1.229069508062276	0.5693196365784793	1.1431338655802576	1.1006890835218963	
0.9799073096222505	0.9955093786164542	0.7349675445099786	0.5564907547726281	1.3694741576887395	
1.1136854530259792	0.6187609483239226	0.9046314899107935	1.530564115390118	0.5904352798151828	
0.7934469993582398	1.171582432798607	1.3902644155018304	0.11408915550160388	0.6438350549866773	
1.1357134387676207	0.5700964289019124	1.1729480086092872	0.4666480038421327	0.7247189873843212	
0.5654317682203138	0.7832570515060205	1.2863185023703776	1.3077523647256621	0.7436560842994777	
0.11832302939634239	0.8794102271105441	0.4465239138169111	1.1157640720665385	0.9480748381941801	
0.5473053319453166	1.1928807668966246	0.18279862037722178	0.4887225301025733	1.2710433949989546	
0.9682398477324948	0.26842699873243764	0.447992338187573	0.5588994521017159	1.1926210874475835	
1.0597453460636386	0.6837206929048205	0.7324862398417222	0.7453258779257189	1.1994445676273962	
-0.06147898096407688	0.4373271491047951	1.0148999049533969	0.6883234579339451	1.7209490625666166	
0.734011872720856	1.1103495728613542	0.7477245041143524	0.3477721495215583	1.4042111606588414	
0.7335548295120121	0.9154107175057395	0.33885845404025844	1.2259849928034081	0.9536417811395689	
1.1231574077572395	0.07669890795508723	1.5723775677283944	0.15010199347518066	1.4795063818096348	
0.4991887083084404	1.0222460883452273	0.2736217129205991	0.9470746212868411	0.6838845099798896	
0.4447514797634797	1.1257634258296503	1.04127872397838	0.9459211103029542	0.7090587657961016	
0.4421150464692523	0.6856341062436566	-0.23094193184550477	1.374297892708576	1.479324768140633	
1.7654707117229582	0.43579662156391824	0.6149324655479216	0.1798882862661513	1.6068565954583578	
0.943769445838174	1.1151857512546492	0.6885352257978389	0.6961454110038998	0.8141253774545318	
0.6601157468701635	1.0316920396063574	0.8658447213983484	1.4210647212776677	0.18719170406265034	
1.2479954484355165	0.6198168282708683	0.5533592429154819	0.8215881615387275	0.8019541585050085	
0.4210170059596972	0.7448470102841281	0.5283984613322511	0.6854024628385907	1.3758210214973137	
1.199570589320179	0.023750961063531	0.45204730956289096	1.4216390645130708	0.9206312339513232	
0.5138298462782911	1.2264621046552444	0.9649873184744916	1.061026231011192	1.1441880947252419	
1.1194031931246295	0.30144044233639583	0.7488896610435152	1.4407572534149207	0.6911920924504518	
0.6669437369981643	1.040074287608181	1.375582698530702	1.0122087317357276	0.1802344116242139	
0.3216692496117251	0.8068920461520185	0.7065003230904737	1.1354705510604945	0.7002017346778987	
0.6676176243352464	1.0094217680454067	0.7137519025278878	1.2519777749095786	-0.007803009052537613	
0.7513979931400114	0.22067720896872695	0.1421376938362966	1.5006043557219346	0.3646907965109214	
0.8995746412026545	0.16578750933263964	0.17337746765808212	0.9016166597616867	0.8556356599968656	
0.2128951749683071	1.06620973924201	0.7733291536643488	0.36224311211159205	1.2793418159100414	
0.9784865591931863	0.8726547326929118	0.6798573894220141	1.13137029678353	0.6135693757346588	
1.2247953983957973	1.1331462313998224	1.4538720463801045	-0.2068712835284311	1.6109495119046788	
0.4650957223549323	0.6802321255604354	0.5553525035229092	0.4628740561184419	1.4760761196389574	
1.0362051101876144	0.9626068081419841	0.8639859310707549	0.39705536095678307	0.967507848289562	
0.7232535064602711	0.5194308318789823	0.8944584963482162	1.1775977588973048	0.8353442072108656	
0.06893586372314851	0.439641696134108	0.7327980584428406	1.2677079647154843	1.335635753662422	
0.9124210298402148	1.5324754586877445	0.5188926883124684	-0.45064002796181	1.295865805638676	
0.7409767596992037	0.9834730017603353	1.293644652550186	0.47935768405239754	0.7644458903565801	
0.22564540031918476	0.8471668775197889	0.40500144275888383	1.419098823677678	0.5506141478029365	
0.6493615009602567	0.41386196294069494	0.7286926299499049	0.8569896804063923	0.6037670358114368	
0.22797281336473146	0.649631059686832	0.8142236497489	1.2979897791220014	1.2049166890252856	
0.7570821586837135	1.9499341163481323	0.03625154970303679	1.090509275486459	-0.04557526880506542	
0.6279905092179384	1.2138118224787442	0.6642519947633577	0.5651713379241575	1.124828818757498	
0.5672675905217525	0.7465586686568881	0.8559705743285486	1.4808573872569322	0.40010444855283755	
1.1261394191101113	0.7805305832458976	0.9919307637057923	0.5306869957050802	0.7647958629546705	
1.001229252144343	1.0638148583354852	0.7156406993271385	0.9651002992325781	0.3730109442108881	
1.1395576195686814	0.35021874477738946	0.44851653369354805	1.5470717553227553	0.534775609759457	
0.7127399661573727	0.5377183060292913	0.6988681526453767	1.252582724529571	0.9121564255850924	
1.6799726166745528	0.2806188287059278	0.7031741297646835	0.5524837623761513	0.509301329115791	
0.8184279974991859	0.8088609915904189	0.6606514405367383	0.9178292749881566	0.8825713176893022	
0.5551360683124807	0.45299723412970816	0.15280228621244465	1.7910876887953	1.0731244235266368	
1.6242616204847882	0.5412423463737013	0.5051800879018197	0.5149035312354571	0.644942680324734	
0.5796675302422148	0.6445322833913382	0.9683519153464925	0.8103574528258934	0.7634290676806409	
0.7121899909112525	0.7839604726547107	0.8236802648102404	0.6622033412606484	0.5022292342410366	
-0.11462241127865652	0.6213669052905216	1.0526697493886317	1.250162660348645	0.39323397862705317	
0.10161854052328806	1.1385620971532529	0.24298909230912102	0.32389624722529187	1.2446142921755223	
0.459720317795156	0.36378137283373146	0.6992668857304024	0.8868487523494953	1.6098662564384465	
0.9869427422823844	0.19979146496808203	0.9511004908204007	-0.14813169747706598	1.505257914856378	
2.094364514158362	0.10377121283976022	0.6254567066473361	0.07399920103787404	1.4690189423992785	
0.6347228890376662	1.3285770387780587	0.8240764272384924	0.35717094288666734	1.0349957229997395	
2.119044661927036	2.315436449186403	-0.056959543973132416	0.8471935440886198	-0.3272958050631716	
1.1456130764735237	1.0603305274687962	0.6289206761053623	0.2165248888756608	1.0176499587222905	
0.3202490765517548	1.3389435003861627	0.8167143878672941	0.5224355102330888	1.0933322645819237	
2.4256407184495092	0.31533158439114156	0.36174211763365083	0.07405006864167447	1.4186307841881338	
1.1860234246547139	0.6413985369122782	0.3008659417163921	0.9207853535650862	1.2745105992567358	
0.30019318706379056	0.3916766610311181	0.19039908459222984	1.0284078977656583	1.9631577318960178	
0.28253077188098175	1.1084335942065038	1.0310254061955981	1.0384036828110703	0.5439172124882807	
1.032665667189786	0.34873861003949697	0.4233190959123775	1.0056127669323311	0.7085466833716423	
-0.06002175979567936	1.0328600893712978	0.7771149135849309	1.5652591124149051	0.7639581004937471	
0.5992623063916158	0.7833699139346109	1.2068025924483938	1.0790226479259883	0.5455837809044656	
1.0178728184041623	1.2648868647146272	0.8891881714992073	0.924661305096095	0.7834855879554106	
1.1572758689193328	0.710384305102898	1.1373216870464125	0.4936805450264214	1.166700509367349	
0.4025201302942987	0.9068328569409854	0.3945054171441815	1.0403885797392989	0.9209942337082504	
0.6754649154779542	1.247243583972896	0.5440540419363632	0.6709520440765584	0.7853032355896757	
0.40808962956322026	1.081333622405412	1.0474554127092826	0.6337897612227822	1.0511766146665649	
0.7994695212546712	0.8232989121139963	1.1124754312477905	1.073213486332304	0.6001156563763692	
1.3387068474914314	0.8592293970260296	0.9835850900425146	1.0327848753319793	0.58237090558316	
0.5371395651003487	1.4010545030133321	0.7347652080845942	0.6928724154306188	0.5929164217482896	
0.41033336064046066	0.9342473837415285	1.152523383944834	1.3751630241494295	-0.058946359273436014	
0.5022559643417214	0.16082318490740768	0.9045775943231882	1.701484762665835	0.5951961689010555	
0.0231713737799408	0.21942834987448448	1.858478326871806	1.1151856139224137	0.41706263858599546	
1.263898151484156	0.7002404667859993	0.6417711393988109	1.0894149152118606	0.6273343922487881	
1.0457085299924676	-0.19502869122521646	-0.25210925831339626	1.5008970244353323	1.0099624250305332	
0.1786589418430857	1.4342891970843124	0.4788987631512044	1.103183738288577	1.4288459656045542	
0.48738398413795875	0.8684544606142051	0.012187413269678551	1.4794794378936882	1.0743835920975326	
0.548153231702796	0.726965947829199	1.506647065398016	0.964334777496576	0.6625450360365945	
0.8834063564031496	0.6923444572349086	0.6069635797839732	0.9489227126122182	0.9583800063886674	
1.269015853820502	0.5730682153689466	0.5448426416009515	0.8505403076821525	1.4254760004167846	
0.1705627696576638	1.5709403287227754	0.5819152097556398	1.0432597107769879	0.5506938907231671	
1.1257814430229567	0.2959002019850571	-0.050569025489169625	0.11087215429909468	1.5658725656527255	
0.9015286491976601	0.9151146953524648	0.668841995381353	1.1216389315761144	0.9918996950510863	
1.2988356335555047	1.192620479733548	0.2715149460020355	1.0980587375203665	0.7879014121926292	
-0.24989725369005994	-0.38702593796358337	1.6915127312711753	1.408259367914448	1.5669071000563974	
0.03113766679495008	1.3202275887227037	0.8732995762320732	1.075996458063883	0.3586496323635799	
0.7713477235516948	0.7401650713218475	0.3732813038136967	1.1585526227021385	0.6815271826795098	
0.6012760546564088	0.6212635224773148	-0.04979470201075883	0.6304249641583572	1.9287327228086362	
0.9588150630305796	0.9417588618040658	0.05568526258258576	0.9980553564811041	0.9259867720797641	
0.8010668679256785	1.2001230429548464	0.32145304225899274	0.7176565685712563	1.0205664210481313	
0.8022559794412867	0.5004198717134873	1.1631914174377378	0.7428264858296981	1.019203413362682	
0.6304147216083608	0.6275399372777288	0.8036035873406854	0.7920375425193237	1.745653408885842	
1.2926620014130883	0.19395704395327795	0.5751608042550912	1.232122951047217	1.1081312849441636	
0.671138117775092	0.5874996248221932	0.8640617198315832	1.1190949569974697	0.7040866713056514	
1.2018518834810952	1.2652361647598054	1.234055334752418	-0.0899809010007931	0.9605296976645813	
0.20633755371896167	1.125094787819862	0.820810889731612	0.1373380921196971	1.5297044857915296	
0.3843934932459777	0.9439310299026415	1.142392869671941	1.431481277269868	0.5096410053741511	
0.8311315204759417	-0.13450919479533063	1.3019229554186351	1.9658343458868905	0.015429895979739438	
0.5806843769981924	0.7272037622027017	0.7529263431792264	1.0047666066245942	1.0207480748245275	
1.1630752219494491	0.9357442189490474	1.052233780057006	0.6715878846190133	0.1725792171249269	
1.5171616404548955	1.2086615673013201	-0.05106104129719079	0.8003389337051731	0.7587258887074781	
0.4924869701117959	1.0224826562264973	1.1615242760518727	1.2012069228707056	0.11623594166284261	
0.8775894488458797	0.9501377110635902	0.67270166683366	0.6927561131302905	1.0327120627297972	
1.080435648771516	1.1568300122214616	1.1566408436406748	0.9111156357286525	0.15773949733282597	
0.3200224678277976	0.8311195717119978	0.7812336954395747	1.6873062975792608	0.2393906117398662	
0.5458145844148584	1.6871370732708366	0.7471780441015141	0.8867265761224729	0.6822167458183807	
0.7241051960367519	0.9431533766943689	1.6265563573336712	0.7008021930487047	0.41204614291436276	
0.8189354131777105	0.8385628545776923	0.7449270190405948	0.8014435127797147	1.202636263997759	
0.5287718688148592	0.948956611461397	0.7977082579619403	0.47468408755924496	1.450501060466435	
-0.34159020483807506	1.598754592250195	0.513361956366533	1.0056854768258672	0.6376678367160081	
0.34744223704090005	1.0665561715432352	0.6240350514441037	1.120241961792168	0.8396537563987494	
0.7953375874708201	0.657695089454669	0.1168699319614284	1.0232870278245554	1.4646538756512046	
0.4894365578137394	0.8831557080403053	0.9722809257832393	1.0622081784077506	0.49818718159798436	
0.7625795893274928	0.7372827016803598	1.451151909345166	0.6021045084377328	0.28181658612809685	
0.9651640897427813	1.0774083004122526	0.9028082129387325	0.9756968132363519	0.7325879350644093	
0.3095278660155325	1.3585420990167778	-0.8734405831465454	1.5394291600043908	1.1074681652434637	
0.7618097493569819	0.7605468517225011	0.8052568306566205	1.32998698812868	-0.3747582220586605	
0.7654619928108427	1.2286460552241842	0.4909713077257429	0.8373920323250884	0.917497356644288	
0.6789409344137044	1.0846016277789337	0.9066529073883682	1.111849024091491	1.0192087467698028	
0.6249350671197862	0.9860464234979432	0.9560800083104167	0.6481069394990763	1.0124203878831541	
0.8896716101617302	0.6172810362715457	1.1061901540775123	1.2892342967108648	0.40942651988091366	
1.5818121955287843	0.47540278249142653	0.49694665879641714	1.3890056127010586	0.7466502028884917	
-0.2610698676977661	0.9431842007084767	0.5932749239223376	0.29572500891857045	1.8989576212832207	
1.2484857284021875	0.9043251998462656	0.7418913718697697	1.245325817231663	0.8161032069945421	
0.9204998905461246	0.985203242353803	-0.31984825330891425	1.3842754257091165	1.2654175835630035	
1.2925176539759482	0.6846811205941071	1.6059973630208308	0.3546825073183813	0.6649147159042781	
0.40486653172449333	0.8521117943138252	2.850251210393649	0.09013889542592218	-0.45984074733250885	
1.632740862915224	0.1831138979271868	1.3231596409496165	-0.4786091892867279	1.1326461200419935	
0.4347458312138577	1.1266007209139726	0.515374789271983	0.9391596598249977	1.2868556199708643	
1.63649245741092	0.6483130471200785	1.0599572105256516	0.4988912354214903	0.6732829541514518	
0.6165438490738784	0.724213981128417	0.8203071327327764	1.3656731845517185	0.5062114790801582	
1.1122265987042066	0.41563818180526346	0.9033471329659823	0.7059871536140557	0.34732475919522204	
0.6228575385239041	0.428241952272324	0.7951161862911441	1.1258948587984061	1.5238560763163413	
0.5150577013697715	0.967771123024947	1.712831811999373	0.20455734076544277	0.9901526913591424	
1.1640918250674268	0.9332802285721911	0.9461517253600275	0.6401853517298381	0.5495221599007981	
0.6966287638517858	0.782369301784321	1.3609644375707215	0.9017649178456135	1.0487503674179937	
1.1542534019248387	1.5112941395625672	0.4195400990164108	0.08343195421508202	1.422524786811648	
0.9834902891814963	0.23432262155340056	1.791530913714646	0.3576637817481016	0.720560382946158	
0.473098416915464	0.6569270209778284	0.2590881765831057	0.5881303291008545	1.5441221184084244	
1.3725610975950382	0.8937874950934999	-0.31450446208648297	1.3119539104238964	0.6414594493071611	
0.3168757046549343	1.8274142909794915	0.5331864443002418	-0.492139499805767	1.0802880470179417	
1.5812869144716142	0.121615226626403	1.0846972119968854	0.6411372040806467	1.0972929478608688	
0.6154628668065208	1.34285187193544	1.315532854934006	0.5563335101560268	0.9099889146035207	
1.1293584667464698	0.25002419368181417	0.7127988082594767	0.34431342630237105	1.44324929733962	
0.20659006348691997	-0.18872120010583232	1.1097650167061999	1.0035393350337536	1.119825320574067	
0.6192984917627784	0.5731723272638777	0.6954905138203507	1.3618054420644674	0.48382729057501433	
0.9067128649016374	0.8797842246486913	0.4204808365293736	0.9818728930084546	1.092825108505135	
0.7617557360887631	1.2050901082881902	0.44928322479773747	1.1410484148647546	0.9333098113383322	
0.6781977674192294	1.3330465798040516	0.5039522101842027	1.0811089794548376	0.5072914817042006	
1.6311763728713569	1.220455385310233	1.153344960114518	0.4821315601877502	0.8785341871605716	
0.22400899183732126	1.1258128471789213	0.9866041227425352	0.6410613153201851	1.149709528226106	
1.0440405709940828	0.8035471227209873	1.1740080138599693	1.1518342085464828	0.040907805034331855	
0.8980525246115975	1.5640894239562695	0.5612760225660093	0.8390236556235539	0.666400205101744	
0.6295629993705026	0.5170150191283631	0.7890367573002656	1.4960556193322196	0.7170181886498881	
0.6703384184175175	0.8479220229912391	0.08408802181602705	1.3291302580092126	0.9243760840920847	
1.4960541130022276	0.44273130245185677	1.243287608666966	0.7612794123643984	1.4055604337823522	
0.8996477864823126	0.8554060972626425	0.8973209295090099	1.4603718257922265	0.9095446730666213	
0.49064703844832447	1.0352022886412362	1.194507296478768	0.9356171735948977	0.4862968216400884	
0.37779749458041195	1.2685839403833754	0.4958152353820521	0.9865173456508044	0.8355306775582817	
0.5847320272143643	0.7251191838912345	0.5170037018483779	0.4545481049717827	1.2020761039868064	
0.4721362221061539	1.2240559898455359	0.9818978116638696	1.120312934418312	0.737392692103235	
1.1396938221116826	1.1726857511919244	0.515774855158639	0.7338569442814288	0.598898138318188	
1.0656278285656076	1.1527983828723267	1.215463219863864	0.36239448963102594	1.0435397755859745	
0.10575661240028017	0.07581676668666558	2.109882811956581	0.5244106592547457	1.0930897380111162	
0.46158709468195686	0.6170849753906653	1.0507305409096097	0.9825831376065293	1.1732043394999654	
2.137816859040251	0.6888199038218026	0.4509377047635592	-0.7168059511423501	1.604910204182146	
1.1621154779407519	1.3458128715719389	1.4255583509555705	0.13071180172071242	1.2445496910430334	
0.17483709714000034	0.5797355538665313	0.7070352813904739	0.47571199260693864	1.8800140653759354	
1.2093955087128805	0.4585983623512123	1.3749180589978527	1.1472484672196872	0.2524035486792771	
0.8931603885723052	1.0595915336546575	0.7917472266273222	1.1933170610696755	-0.2552643494685031	
0.8969951380301355	0.32350211936830503	0.834017738864772	1.1717703590407706	0.8833039123137483	
0.3896578297814093	0.9866075629909519	0.9078858041054756	1.0677367583494441	0.5807545229994137	
-0.13837860612356867	0.30360412768369577	0.8533561028077672	1.609940803628445	0.9703200447454914	
0.6904350924125862	1.5035006711007046	1.0541862086649991	0.16564012259014851	0.590647704785831	
0.5626220046325832	1.1661338828559875	1.2450756706728678	0.361567701190432	1.010946456695457	
0.7051000154484538	0.7344544764326463	0.4699128248884282	0.6283620309641624	0.70662296653275	
0.781050086180241	0.46821428046527847	0.6062916050892461	0.6054576708714855	1.255551072219338	
0.918994389678258	0.4557179158719831	0.3652286541282993	0.4611710625703525	1.3136114016268297	
1.905011287433342	0.621535768198359	0.1311419925454589	1.4829392033397482	-0.19109443801789905	
0.5376754907516224	1.697761966583237	0.8217802176645047	0.4798706976616803	0.9275329042778746	
1.3146596878750518	1.013241482258194	0.5044878081365916	0.6415923577619785	1.144739765942236	
0.7241988012782952	0.48168234449908404	0.6630444902800042	1.0311133909463035	1.171064797597914	
0.8202246695578869	1.0742884199794136	1.0679660534031643	1.2581376116535108	0.3446622970655141	
1.8358157648355373	0.5821545990252897	0.8930124103804156	0.0055834622019272	0.8209344677072324	
0.6997947737805341	1.0933909723060913	0.7562666160523578	0.9418109761241745	0.6989203113511915	
0.7175861368510226	1.3551156455687436	0.7698804444718618	0.503322417650899	1.1581611533516387	
0.884076096453851	1.0238071156024489	0.4080329479873014	1.3815586369558137	0.8011574729817346	
0.841628572259574	0.867310410938429	1.1678529203328682	0.8106463785462351	0.9088217938502958	
0.40917697697126093	0.9811403964569936	0.5400467116106699	1.294283367726317	0.4003516832799136	
1.4737896442576874	0.6402598763169278	0.7985894033676295	0.9023594071788896	0.5378171367546831	
1.0495559967539265	0.9451359991046698	0.2295472406012976	1.4709746281038858	0.8660909157703952	
1.4336779652967133	0.7763520999734683	1.1405947848364866	0.7097912846580082	1.084438350958113	
0.4757964981446005	0.26676501433124694	0.5724416933836297	0.7487266021882562	1.5125600981000693	
0.36109698027864323	1.2114725843026208	1.3904291898842391	0.5268940339612213	0.25297435051055384	
0.9012548405392821	1.6703108928129862	0.903087803101073	0.26003118637650624	1.0618412720686723	
0.5590198988721214	1.226519124515619	0.9098070009601084	1.1217410412461069	0.7278049415887757	
0.5107157543945525	1.2816667367563412	0.7892605698308292	0.802265655202292	0.049629006942111635	
0.7445345746301264	1.284629739566902	0.9489998271151682	0.903005716066	0.9644746338940051	
0.8910279735629643	1.1490079349441855	0.849336763435929	0.34631896303983495	0.8070421763686746	
1.209002141151045	1.583932049174101	0.34129461546277956	0.5034937792969774	0.696829572142285	
0.9374707543564259	1.222265085166778	0.4553837055152177	0.5546488722410998	0.5956834854627173	
0.34402711442553063	0.9343183179667428	0.7175035495843027	0.7485066325685346	1.5145259519399865	
0.6122871855012126	1.3436509901340907	0.8216200444815324	0.4709446007616952	1.1609177285729597	
0.9723007953034587	0.7331518897136705	0.9420357382901212	0.9724896791950619	0.4511244784029982	
0.6626962155557576	0.7179368921972529	0.5582165615624923	0.9121612267294273	1.4595750232956104	
0.7641676271699255	0.9216232086690664	0.92141922455873	0.8877914390187435	0.5248741186279411	
-0.5297730194031802	1.0041315521950276	1.0889266167186369	0.8763772370034274	0.46056563048683663	
1.9459301914310536	1.8547211012872737	0.048894192332875897	0.41522593548524916	0.03962308569294589	
0.9848323697675564	1.088951487020794	1.3691111719485254	0.2342582028900163	1.1836535700399429	
0.6573083755641157	0.26104455839198804	1.6336253931363292	1.533950593082417	0.8595053737368192	
0.4248528431652197	1.1924843044542692	0.656268891714067	1.2046555214141554	0.7577167586446332	
1.4145908836025005	0.796028960723586	1.279911610695374	-0.2362723545516607	0.8802128022007505	
1.1052208369847458	0.9177503969382654	1.2000563354380147	0.8789161648190585	0.44352180011087616	
1.1555477412439437	0.5569669567673563	0.5680559458647482	1.1317256951171848	0.49840528261069994	
1.4066490764885828	0.03782897365572961	1.0616334017393876	1.164262679560248	1.049059178153042	
1.0630971594100063	1.3448562392553112	0.8742977297192874	0.9525056178966752	0.5631528549712206	
0.20696809683300588	1.3867071350220852	1.220984667622552	0.16357393931549635	0.5225358148055224	
0.2108760132743452	0.9598156966598376	0.7577236730701511	1.3319989904667087	0.8614457291515825	
0.04937419423218181	1.542842888073561	1.1122594447481746	0.7800808276581563	0.36477001148091875	
1.4270949781378697	0.1807139671131498	0.5643945286666632	0.9047164286312762	1.3221699759104608	
0.4027379476958774	1.3316780291463828	0.8533612159432962	1.5722739610206968	-0.15886916567088535	
0.7519176764545514	0.7052317248827773	1.138066069623415	1.0888375748782004	0.42918160606481315	
1.2449552838471942	0.7018502946553762	0.5173512212785691	-0.184865483436982	1.5579546613641673	
0.537868152768338	0.36413700430473017	0.3350340924489454	1.4838786876079768	0.6380719455026138	
1.4131023941193663	0.7547740968988162	0.5191383088765322	1.0131333977784998	1.0349841137198235	
1.5146597886580895	0.2520287560079401	0.15753834848917694	1.083363449462689	0.8142578506517771	
0.6025095397324346	0.6289860454025202	0.8310105568504521	1.5906981520852048	0.48732795701551224	
1.1125334368377027	1.2323963238943494	0.6184976682542133	-0.20196005699981154	0.9180477304220728	
0.8525284857614404	0.9850059272625523	0.4185462337360435	1.197201905974516	0.5669696464591136	
1.2655501962399016	0.48356359148961503	0.7009795533419254	0.751212325755142	0.658410867304611	
0.7011074891232733	0.4496895774277836	0.1693123139935716	1.6272857968765375	1.0587700302321044	
0.9117129942057606	1.8548811562485834	0.030979460968425195	-0.2003706121567919	1.2686104105214366	
1.7279274988713116	1.4470454355018947	0.9416331680781125	-0.36940763329942095	1.0463165130509815	
0.7625755814194709	0.9019612626212228	0.7480809421497977	1.5457605089792361	-0.7011800535225553	
0.41834219148465807	0.9617472100476162	0.818403457997397	1.1168858756928979	0.5295667593626294	
0.5689685062954164	1.4727511517669227	0.9401950746851285	0.9544568490799243	0.8021554527927068	
0.39138046209057864	0.3792380552736033	0.6032764946334206	1.4489009660742969	0.5875831713040734	
0.7794916512462063	1.3434417582693998	-0.22088684240745188	0.2841677200745302	1.7245146049691513	
0.022123125321443084	0.6485794597095884	1.4521211648425123	1.5547310399286753	1.1070236651470005	
1.1875133561225335	1.003718300402783	0.7860425004379277	1.0645886632448143	0.6528227820104353	
0.5872911118264771	1.300299959568116	0.7097125375700529	0.9725411314633166	0.8714211842258874	
1.3049687820486395	1.2118534912898469	0.8830398942209772	0.9504071834428465	0.5526122065637338	
1.4457112940994767	-0.009661296292835273	0.5480639926161275	0.6211442552300883	1.2847425682376055	
1.568694702402274	0.8571753861745557	0.5976095703167629	-0.35738990924866515	1.3954096864605663	
0.4059228623463967	1.2345463609900036	1.0539730561805802	0.9493884879283917	0.7146957178860366	
0.9007379940685564	0.6085343153027664	1.2912284782950203	1.3576521034613704	0.3687875093420272	
1.1632524745075612	0.6146222024981058	1.1718427062230146	0.9241155600851305	0.8033939975034683	
0.38458199697605344	0.9551502955938214	0.7874203248021425	1.0075130374447503	0.874428924489256	
0.9097785447076872	1.0795779168853408	0.9372142859603358	0.7494703059021018	0.753064974746399	
0.037021962157272686	1.1176106802302845	0.26406435694929004	0.8314202402743653	0.570308427019743	
0.5202134915886505	0.361895196929732	-0.07047917170102382	0.8733075545135275	1.6256029558252396	
0.6635481400898546	0.6731887865415479	0.446921467223122	1.1751426457398837	1.3193063190582244	
0.1667524084310192	0.40738658186081333	0.3328211840791749	1.2865731860296037	1.4127781225871971	
1.4916715318795075	0.7438263810011139	0.7467221688253604	0.5724429983828633	1.3078224038204884	
0.8861779042407734	0.3714141972758141	0.15419567911883456	0.6108724036924121	2.022138608773025	
0.06585648821687853	1.383870715312417	1.0315083041033313	0.47631555828731337	0.3381361247088081	
