23
4
41
8
36
0
2
26
3
35
13
44
3
31
2
37
4
62
13
38
108
63
42
12
12
15
34
48
28
9
3
2
9
3
4
60
5
45
5
28
7
17
2
51
7
3
20
32
21
49
39
70
103
29
41
371
42
52
312
18
21
203
72
10
169
12
32
234
70
174
8
4
1
5
8
1
3
3
2
6
89
29
83
51
68
36
8
25
4
66
50
140
96
74
7
4
66
73
75
49
158
146
9
3
3
1
4
5
15
4
9
9
13
7
2
2
7
6
1
31
93
39
135
16
2
101
10
70
2
12
90
59
97
168
25
66
3
25
39
14
7
16
19
19
34
14
12
37
26
29
80
15
82
34
42
11
28
20
24
128
52
24
8
3
24
33
24
32
65
35
29
10
161
34
59
13
10
24
14
8
33
20
23
18
56
108
10
12
86
8
34
53
121
19
59
5
13
20
43
6
8
4
2
16
35
2
34
12
21
3
15
4
39
9
8
51
17
142
30
193
50
33
24
23
10
15
6
23
3
54
27
23
11
7
56
67
34
95
101
77
180
98
44
28
3
4
6
6
3
3
2
3
5
3
2
3
4
2
5
4
5
6
6
9
4
3
46
4
162
100
1
3
2
3
6
18
139
6
12
1
1
2
1
1
5
3
4
1
2
0
0
1
1
11
8
7
4
3
0
5
2
3
2
1
3
1
1
4
1
2
5
4
3
2
0
2
5
2
5
2
2
2
2
44
8
7
18
32
6
2
17
2
10
4
6
20
88
10
50
12
104
6
125
13
75
1
140
67
196
130
259
1
6
1
101
5
2
4
42
1
52
1
234
2
63
2
58
184
78
95
71
114
4
278
80
34
56
36
61
17
155
136
36
65
2
68
9
27
66
44
172
105
118
228
78
20
100
95
54
60
51
19
330
167
291
250
145
130
33
51
43
73
136
14
1
15
1
46
1
1
0
87
19
1
19
143
163
4
49
6
14
4
7
36
1
173
181
23
88
402
103
186
234
90
189
205
34
25
85
56
247
24
66
16
92
26
301
21
38
58
41
13
17
8
25
205
40
9
38
34
137
244
3
32
167
78
132
55
130
134
81
4
2
6
200
0
76
333
18
73
57
358
90
84
153
4
21
3
21
104
36
22
13
35
21
8
95
13
42
4
139
53
72
97
167
2
203
11
208
125
14
17
42
71
77
20
131
11
19
4
5
93
50
9
13
133
55
22
78
121
36
19
74
16
180
193
49
4
8
153
1
99
3
17
15
8
32
60
2
1
9
60
25
116
53
25
71
39
42
50
58
48
45
54
13
9
6
11
42
49
45
36
23
10
112
40
26
45
36
62
30
57
32
8
32
5
11
17
5
41
2
43
89
38
242
191
193
206
197
102
124
93
103
127
8
10
77
6
69
6
101
36
117
31
48
246
141
141
235
59
43
232
90
31
67
115
53
69
8
237
32
159
150
185
212
71
53
71
265
28
123
209
132
52
90
111
111
13
47
83
134
256
110
206
174
109
100
5
4
45
68
142
36
324
118
233
90
97
68
50
43
62
99
65
67
105
9
15
6
55
77
102
79
458
3
2
2
13
14
11
6
5
54
53
99
107
41
52
100
194
142
53
3
7
4
13
12
6
13
20
10
13
146
101
131
200
83
82
132
84
172
129
15
8
6
11
9
4
5
11
6
5
109
52
32
65
52
4
13
9
44
142
8
55
25
403
10
17
305
3
201
7
225
9
176
5
111
88
75
109
3
75
50
190
50
125
53
50
44
49
51
38
3
20
7
7
170
3
220
3
7
8
7
5
18
4
6
30
10
6
15
20
5
5
13
5
7
1
1
5
7
13
19
16
5
42
9
28
2
11
31
20
12
22
9
23
4
27
32
9
6
3
16
16
17
19
19
34
18
32
10
69
39
116
201
34
94
37
17
51
15
247
80
92
12
43
43
76
32
219
39
26
10
46
100
49
48
98
103
19
104
23
45
64
122
26
147
28
22
15
151
243
129
90
78
5
129
66
268
121
60
57
36
47
13
13
61
27
48
37
71
139
221
39
193
95
99
145
91
14
132
176
61
45
23
9
52
40
66
6
0
64
10
18
20
7
43
52
76
107
5
336
237
177
117
91
71
67
24
153
24
1
3
4
3
3
4
4
1
1
1
17
18
16
4
6
6
1
18
16
12
1
1
3
1
2
6
3
1
1
2
1
1
8
1
1
1
1
3
2
3
1
1
1
1
4
1
1
1
2
1
3
8
25
30
20
40
9
59
47
8
3
1
1
0
1
1
1
1
2
1
69
8
36
2
32
12
12
3
39
0
1
1
1
1
3
1
1
1
1
1
59
43
15
48
34
8
3
29
19
64
23
1
2
1
1
1
2
1
1
1
1
1
111
22
30
7
39
37
89
9
36
32
45
80
33
21
99
134
1
1
1
17
8
103
3
0
1
1
1
1
1
2
1
3
11
6
41
11
1
22
10
2
1
11
1
1
2
1
1
1
0
1
1
33
2
10
2
11
9
13
10
8
9
4
1
1
1
2
1
1
1
6
3
2
8
6
14
1
1
6
3
1
21
4
24
4
13
4
13
7
17
8
55
36
7
3
1
2
12
24
26
11
28
8
1
48
47
8
147
57
48
11
6
13
17
5
20
11
13
37
15
14
47
9
21
71
19
8
17
1
9
3
24
54
80
88
86
20
25
57
68
160
17
11
5
24
6
4
21
25
29
25
19
35
27
48
28
34
35
87
22
8
9
19
16
6
39
12
9
17
8
12
8
20
10
37
39
31
39
48
24
136
11
11
23
5
20
7
3
1
2
3
21
8
30
14
12
24
34
61
201
75
13
106
22
10
3
18
5
11
16
2
48
22
50
56
21
66
162
43
227
150
290
103
154
70
45
55
155
140
165
77
270
170
218
111
91
89
95
145
29
33
6
33
57
3
63
16
61
138
62
60
300
115
33
88
139
130
192
127
37
28
36
42
23
49
49
14
14
49
58
41
71
39
40
85
119
141
0
6
1
8
4
1
28
23
7
1
3
1
177
1
53
42
40
68
56
39
89
7
3
6
4
1
29
1
12
4
3
1
4
2
9
1
1
2
1
2
4
2
57
10
34
73
89
10
29
15
132
133
1
1
1
30
53
52
37
71
4
30
24
64
24
1
1
1
1
1
1
1
1
1
4
30
32
39
19
74
51
17
95
44
26
1
1
5
3
2
3
2
1
1
6
11
1
124
67
68
99
38
87
4
10
1
2
8
2
1
1
2
4
1
1
90
104
64
138
80
57
182
38
26
117
4
3
2
5
1
2
3
0
1
2
8
5
1
0
7
15
30
28
20
12
20
9
15
3
13
33
28
10
1
1
10
3
3
4
0
3
1
3
16
5
6
4
11
8
15
9
20
33
3
2
1
4
1
1
1
5
4
0
1
1
1
5
5
59
7
9
13
22
54
6
38
12
16
1
1
5
7
3
2
6
2
3
3
12
41
3
31
7
25
29
11
27
10
16
1
8
4
5
3
2
1
4
6
7
13
7
38
29
19
19
112
69
50
136
155
139
187
375
210
378
62
77
32
107
163
168
154
185
220
239
60
45
22
7
393
109
6
59
77
98
96
37
150
51
115
104
58
113
42
19
22
33
31
19
9
19
18
191
39
98
88
104
131
4
105
153
53
23
22
21
76
12
117
23
49
22
8
33
78
115
231
103
36
175
204
299
54
18
97
38
12
119
1
4
34
14
25
15
23
19
7
240
197
8
21
182
87
158
36
126
38
109
23
24
28
80
10
76
31
30
26
424
250
137
47
22
16
137
