-0.2710541277659431
0.1526724903514855
0.3316929394595437
0.3457843534558831
-0.42006113923769983
0.6908121900462388
0.05768098127929027
-0.32930917916780705
0.6913887180514993
-0.2625062744702611
-0.41049032267174385
0.22939673463252339
-0.2940108021910048
0.08692776068978224
-0.04487531804174461
-0.35695302179633054
0.0037214448076708533
0.10616443341445754
-0.33181002992740255
-0.9871617943250587
-0.019762483208449318
0.5480910025101605
-0.345682416886925
0.6272272722868251
0.009257528032160345
-0.08220776517944386
-0.04035698381210094
-0.4419412111758139
-0.990332708127878
-0.00926312722776725
-0.25894659805241305
-0.05979140945220389
-0.269061834430862
-0.2473102728669907
-0.22657402295842782
-0.7473832810754103
-0.024730152967037376
-0.07927705600391172
0.5210366299131346
-0.8862842183840751
-0.3260126576191999
-0.07441279395070653
0.16767032189802894
0.1475663193786247
-0.1340213433754754
0.1898517858134938
0.0059713581108762955
-0.33126398250115763
-0.3380422358526
-0.09942949571852956
-0.06618436719251948
0.8877611765485942
0.49309974377049176
-0.5469826332060852
0.23476613919256897
-0.3404398989399491
-0.5418920562128201
0.027713702466696993
-0.3517718581365678
-0.09206954040705034
-0.3081876779832633
-0.3001694993589378
0.11488317309770686
-0.6956752180763625
-0.6972507598875429
0.28438586578584746
-0.785805470476564
-0.26996175435013814
-0.3925779596863365
-0.21829720231296162
0.08409139358362448
-0.5332740607132803
0.3764330934440441
0.7780728134098209
-0.14330346016157983
0.047146041009503356
0.01580300821086846
0.4265646466995972
0.11474634342056715
0.14344217568325981
-0.6315429206799472
-0.4396852986154635
-0.5883480024377749
0.1764504765398624
-0.3693298066485601
-0.019202900466460414
-0.025815254232721012
-0.9968101954416584
0.22388618876427255
0.09800443720547658
0.13480491368786512
0.9794998821569147
-0.07153250208067036
-0.201384441789631
0.2797737399889846
-0.30405380985597946
-0.17097139468961958
0.7273769728107896
0.06084110755853332
-0.2789240965187974
-4.5034861884375103E-4
-0.45683405529885823
-0.19408179157253408
0.6059307082660215
0.19824277758717038
-0.6617540943921917
0.38485942911335913
0.07001122383028563
-0.3680093745218886
-0.4325323329046181
-0.27039033830181364
0.21574709415777327
-0.11512252085636507
-0.9617908619460467
-0.7613205406276696
-0.5757849481695254
0.21376940326081448
-0.05264704856485851
0.7257418277348692
3.3943136969293795E-4
0.1721095789251919
-0.39718619135175626
0.05168846231603347
-0.39035371004270986
-0.020656049273707518
-0.517129668931609
-0.2580359077544976
-0.48796233346748147
-0.7050069040146629
-0.2184063449693928
-0.5770534926446789
0.8013465628292671
-0.32290238222657075
-0.6137472506919757
-0.011259053530700946
-0.5639499947077286
-0.6379919229266892
-0.09077795046690798
-0.16260836118349065
0.19932659507478137
-0.27747190779924674
-0.4052961876371477
-0.5338535171569971
-0.15198391238098466
0.08701028380658149
0.22776318609138632
-0.63264092445373
0.022133766047510113
-0.3371620091366195
-0.841203202920823
0.6272104894590201
0.1144939694147568
-0.4589796577280781
-0.7509534354419283
0.8865336467238856
0.009069491235016073
-0.28777848866971434
-0.27870842619681035
0.4636447626359745
-0.34323985146001895
0.22765153873875119
0.07683686475487085
-0.2834010953507262
-0.35607810936097456
-0.21902819800683737
-0.2230645922548609
-0.36472869985296147
-0.6573613093388497
-0.8421327482090922
-0.42422441798843996
-0.37809951397334196
-0.11529565584089634
-0.8080462356957983
-0.28114409769622506
-0.1825443992954845
0.28093277304516007
-0.44261177774501215
-0.36900768318966065
-0.5838261028413988
-0.5598540881738663
-0.37177980437014163
-0.2120905640147669
-0.17020681276999008
-0.09437023830108583
0.09354610207726782
-0.44056243392686273
0.37958244545977776
-0.6834033103754217
0.11582521459221495
-0.13898925221185196
-0.14439553513637704
-0.13630214380760408
-0.04625087317199693
-0.2153249959296849
-0.1790009759040965
-0.53370621161989
-0.07833326372157667
-0.07938158773961455
0.0025477866651584863
0.2960646179305777
-0.27974144410756807
-0.22945552267820768
-0.360980245055958
-0.3021479202055815
0.04558449147156046
-0.04499264790170734
-0.013451311141117112
-0.30498091481148326
0.19807504108193263
0.02670524064519426
-0.19773160409925075
0.45822962216049185
-0.28863551362905815
0.03757711904621409
0.4628054486962267
0.10522907637464518
-0.3703449141707838
-0.09614861937317123
0.44794162896426787
-0.3364807336431781
-0.3091109592931654
-0.7360850930212977
-0.8151200880920847
-0.4293190849294955
0.44985306808272013
-0.24536089244578282
0.033381781452053366
-0.18576443984096902
-0.5750123858557311
-0.09978931815465449
-0.4183006700956061
0.33421097198453714
-0.05689706936490282
-0.3385251395336865
-0.481252659129685
0.2696364433150824
-0.25723585318865494
-0.4321960885294097
0.28268356675589357
0.24981194640912346
-0.2829482692206077
-0.07313763248605987
-0.2314514064623345
-0.3639112665820869
-0.1281395835771056
-0.20636041053989043
-0.47077089479873796
0.5234958778830072
0.0032554880203272928
-0.5835851362925035
0.07855492257335953
0.6975801205096774
0.02156982697753744
-0.0701020926159521
-0.7907552535615707
-0.15445307440745634
0.16929166822352293
1.248125785491715
-1.5368065384783174
-0.14294324611876374
-0.05810144442447031
-0.7797943110035572
0.3041705368622277
0.2188146081501077
-0.14661393026815353
-0.24977971646659258
-0.1150298947008039
-0.0447684309634891
-0.39212798500878765
-0.5144041531381318
-0.7272664397526539
-0.522448723323185
-0.6048975393519366
0.2993416594008538
-0.391265127241007
-0.15628476389725865
-0.16057012936752307
-0.20330015982526997
-0.4747659137734575
-0.5290691323691703
-0.12014947969023508
-0.14870537509482404
0.18721157132837388
0.16209361530318178
-0.45039296942963863
-0.24535515613125686
-0.18953019170045105
-0.4465862831726871
-0.21691804334576809
0.20473501619903128
0.13333058378890972
0.04817808489773837
-0.20527157655533276
0.39329886562103045
0.09686076781592085
0.2248891861346552
0.06751098062555702
0.3345422116797994
-0.13802113716939066
-0.10019804779966038
-0.21228512091516694
-0.5907593764157294
-0.6164064344564927
-0.1948385884912264
0.14262499532048786
-0.22288978207275417
0.33525406544189834
0.4536005761216205
-0.1350518644268992
-0.4542383575542636
-0.7973879200238752
-0.1710032378890033
0.4857598312184201
-0.5195388206759185
-0.006485866162567477
-0.8575786149576914
-0.23175253955456518
-0.005526325991770329
0.7581063080127073
0.03150097983005479
0.17468632287190985
-0.16125548602910605
-0.07341476321054774
-0.2911364917663607
0.21836536993128666
-0.19911744222202007
-0.18800042262469638
-0.1185212057130657
-0.1098666589140477
0.7346925273009214
-0.19632075789579473
0.36648140618658404
-0.5477444516977024
0.45135627091041447
-0.14802042169240223
0.5568518910756939
0.11622085098345972
0.4278908534245639
0.15948407410924767
-0.5265164158022795
0.7690396647742548
-0.40582600275941316
0.7654167698181615
-0.11718733047259289
0.3910757260608939
-0.6121328135152417
-0.1441307233006384
0.17953184902911323
0.05722902162684052
-0.290572359419129
0.07432970506364031
-0.01020998609151798
0.20530220116465273
0.5174869607516381
0.12695652434229496
0.11284117605775863
0.1754544934221692
-0.4961450172149885
-0.5778680056791037
-0.114966292539059
0.6621425515866673
-0.5965890851454758
-0.40665403893439833
0.057949062855404826
-0.09468850425553162
0.08829224378528576
-0.8718819946080018
-0.3085660698342516
-0.25796433040155803
0.21255745962152267
-0.02933921706531009
-0.16665441807934855
0.02211850047296167
0.3257646470986113
-0.8440960943644246
-0.11934899268698386
-0.4082903624304081
-0.6797163241221083
0.5154331166870337
-0.732749882547112
0.016767945490388868
-0.14708429187112673
-0.8200521718050858
0.13134517717252503
-0.4227391137546735
-0.29832156945578636
-0.1275414926476447
-0.27363563096933013
-0.4791358723149877
-0.4208222947622428
-1.3777569703472354
0.2631578351682959
-0.03541563325736957
-0.6203500034858023
0.48354984697341225
-1.4321121450612637
-0.2105496546820445
-0.2903251408150241
-0.294344883732235
-0.002806781634281037
-0.7936087911889409
0.23132106316538034
0.243812668927869
0.11472394486052498
-0.592108546687326
-0.5636860444821032
0.13591835220201226
-0.1934045340756765
-0.5981339723246498
0.1538309932352482
0.25668486607898733
-0.6897030175705683
-0.1849188787806621
-0.3554644511516848
0.017155888546574186
0.27168274245885315
0.3858599735648087
-0.18066887411703011
-0.20889887946104957
-0.5445509032574573
-0.04434531870220652
-0.08114357758023193
-0.26924116536706794
-0.460241221643107
0.0027042714181269227
-0.40955645138983604
-0.2895729791762489
0.40273236404477936
-0.5519091088524573
0.34432254787338
-0.24708712754328335
-0.312026121066863
0.3194066775636831
0.18193427462812356
0.13113955735692015
-0.30395993285386363
-0.2598331726028549
-0.21083602929523765
-0.6076830644346128
0.08531713689970011
0.12410364915253014
0.7532842588074105
0.290256580694224
-0.4949352213747765
-0.3552875292821418
-0.9452263855202406
-0.3897419278840236
0.044747759201637545
0.025022114569836967
0.3634062359617625
0.01784494017950943
-0.058401309640486496
0.2201253360520898
-0.1946452798246055
1.1807187491541336
0.7414946179389112
0.24377242917534095
-0.07979562181942161
0.07337154641241979
-0.40188947774613726
-0.44123483635296007
-0.46904096863871014
-0.5843843300789641
-0.07576604671259068
-0.7188661993524156
0.5522322347687684
0.30092319923001437
-0.3185861509745434
-0.23575276850152668
-0.021130301724039752
-0.31066008510996607
0.10915148196123142
-0.6333831503547264
-0.007752493516176852
-0.9226750965596191
0.011064556966926046
1.1125092365131077
0.8979064905448012
-0.3191678093540961
0.30413169317032457
-0.30153972636536236
-1.5901660075842377
0.5032885289550021
-0.21643044631998118
-0.42703775463751814
-0.24261331041719406
-0.2218820814522074
0.05400874984230928
-0.2909686833143441
-0.21315003475438543
0.15133585962507615
0.09044693948311655
-0.18526800426476187
0.44930567910537167
0.18828907631570094
-0.30617309732533937
0.11419575070854704
-0.04909964191973444
-0.17536507876877866
-0.020173794478169155
-0.50995852131101
-0.12273281565343573
-1.2411375108756655
-0.5984757071239073
-0.5684691159734186
-0.11987461703012389
-1.012386894110038
-0.6009485411812271
-0.001647753148979941
0.35551890231808286
0.4618257172624196
-0.7332631877818186
0.06403755000957503
-0.18433577219031402
0.05348172757446556
0.11776397007977936
-0.47631055928239335
-0.11701161855926338
1.0777402920051296
0.2768818065981593
-0.6420658416262559
0.10933842871890552
-0.7655350335870676
0.8616236762834151
-0.3368241867168283
0.30460133531690115
-0.2794144851941373
0.18627750776071175
-0.3171891330290248
0.12574825909034804
-0.20431123329401157
0.13453428440438947
-0.28216878746631885
0.04272098833285737
-0.23652312518546176
0.3668594343818787
-0.15551583079471062
-0.1922465014440181
-0.45610481369345757
-0.51342913552536
0.4033795357884531
-0.15778934253883906
-0.043110379709568214
-0.21871659716653608
0.028001110281128398
-0.48492345108025947
-0.37652553964064095
0.2832089152131515
-0.3506985225932355
-0.36817992166941993
0.19431174277092136
-1.0904492462890163
-0.8425032979744063
-0.135520953013558
0.279932061300545
0.045589463680106614
-1.6741394873816127
-0.6058960154543563
-0.09239957294800465
0.4564131212693886
-0.1575878873630059
-0.4816910528981913
-0.09726610949459301
-0.09743501230135665
-0.5913763396004754
-0.1883122060113784
0.23749761281936468
-0.15942783694578846
-0.4302575047896404
-0.24713509781973797
-0.3077523190386265
-0.509836927261667
-1.2266478622915675
0.27232310337044463
0.20752341221600398
-0.11485593713843546
-0.1473157603464217
0.23422609443208853
0.5851095593186111
0.6801258582277357
-0.5832603704923135
-0.7908455713300937
0.32055011852433374
-1.261528863397668
0.19888408448206046
-0.39227670627250616
-0.8810914588420548
-0.2808189239089946
-0.5032781061178067
0.4251490275838947
-0.2597390659413638
-0.31270140426617166
-0.2931917488546586
-0.2505647799136337
0.012118483300131896
0.543792234051803
0.036219854250641094
-0.201442105771317
0.19643702406097333
-0.003915073348771012
-0.14497175316503838
0.011640059350510119
0.20899664421506065
0.11535670618616782
-0.17285317749269355
-0.5187759929745658
-0.5698492243853662
-0.4252643463109971
0.10739554707959371
-0.5546866712957351
-0.536614114164816
-0.050234667380511175
0.35242931221276813
-0.5246801237638932
-0.5495511938112859
0.5414862987191383
-0.585216319479885
0.4386368464068006
-0.5781085527814831
-0.17791287799723723
-0.23027193048903224
0.08850568479582614
0.30613900740660255
-0.06331201882703055
-0.10098969719650046
-0.2594408656919402
0.2435942745616436
0.43058580959690435
-0.07894235618997647
1.3567053020527324
-0.3468797085253707
-0.393483321174856
-0.8856095292587577
-0.22799493525132522
0.46548380498004477
-0.3111172639486212
-0.293270217725425
-0.38997224734158953
-0.35060393582848975
0.11539097500706232
0.3056131714794814
-0.336545910227091
0.07304714556682708
-0.365823506707558
0.3457831790319076
0.002134022145776567
-0.38817681460702397
0.1328743147366676
-0.11852469210908592
-0.6330842179680415
0.03041031767357884
-0.09456788342067425
-0.18974978582287666
-0.10886336536310831
-0.27504041483412206
0.02402876637911776
-0.0419349283263728
-0.5373526393784989
0.06733162989158926
0.11387549378694785
-0.22384092126125904
-0.673424980021711
-0.31301788102632705
-0.10552820874904023
-0.2688998171532675
-0.40898361466249683
0.014730619779638594
-0.19326551431732153
0.20127005788157484
-0.7203740719506442
-0.11096257821824405
-0.4126900833352538
-1.0619916059039691
0.37407065041726567
-0.36088917719458985
0.15620126019677
-0.08964056762481716
0.4610919029923116
0.20989948317587676
0.27273397053553244
0.3219527977233148
0.17619617425295728
-0.2921962448330852
0.24622548684499818
-0.6605672552243731
-0.5289761958169904
-0.49387801689536087
0.07170402047729682
-0.3414541064617297
0.5169423771901888
-0.14967995644352663
0.20043520031985643
-0.7684771233611436
-0.013325421440544
-0.2019508252171578
0.3519740611763739
-0.10508123914876595
-0.11367285446747878
-0.2237667219471787
-0.160081509454673
-0.23461352393873658
0.6042138990440278
-0.13388083254808641
-0.20360343849293838
-0.5225986789502207
-0.5257690574172855
-0.9858978610815636
-1.0844547789363885
-0.49690164629156797
-0.04509607518088331
0.5373703765482065
-0.630931036162905
-0.05221488767848928
-0.3438915872052303
-0.23411806759686932
-0.2380948150008029
-0.17750905906626424
-0.6689578429310218
-1.068193123572492
-0.033661952501021206
0.005250563366652256
-0.11815449813296483
-0.28940202687847855
-0.17327639185477367
-0.27583512143784844
-0.14743067063909035
-0.12955009809655535
-0.3344103618570745
-0.16074800027605649
-0.31791868510129817
-0.3141533984923117
-0.5673745238650828
-0.8091995536376697
-1.1645319459660282
-1.0303527675989463
-0.09396527424283246
-0.26464685227990054
0.22792885506141633
0.3373967974130047
0.5401279470291572
-0.03581156503421899
0.10368906995920908
0.4973872070401095
-0.02684559760610073
-0.04337585267452013
-0.4122849137517014
-0.7830588701873021
-0.1103897978916458
-0.24710440043428333
0.43770355338362454
0.04668600969445668
-0.5924004735468718
-0.27982895866831026
-0.12330975973523428
-0.0031141940134079625
0.25247362341086077
-0.21791564368273666
-0.08048165098574078
-0.19327544745828049
-0.5102136841397787
-0.13792920634686306
-0.7052371870921743
0.4124577185249174
-0.3553340226621491
-0.06901089914348936
-0.22231773022801732
0.4533114289473802
-0.3127824022330323
-0.7613786228999773
0.26172955717310337
0.14779650867190514
0.10687243175249912
-0.6143454692406091
-0.5427988432734262
-0.2939721852987753
-0.34477831912503687
-0.2844806170913066
-0.00712039561084132
0.21123029555444736
0.14657003922690667
-0.36819791016981124
0.6119323530610113
-0.12336319460009988
-0.11190016195163513
-0.36797826309293175
-0.23078484491850737
-0.1971700539265382
-0.10352426335849815
-0.48365510400054673
-0.09054522092331951
-0.01997466628375305
-0.38834539576452387
0.14746215271500937
-0.20663618343748502
-0.035042941516962356
-0.049369887918114315
-0.38678893269265463
-0.24471197504120915
0.0061078081576964646
-0.4340018232518127
-0.5052780676078923
0.1496661730888498
-0.4659936566546718
-0.9262294568657855
-0.20343358291697952
0.24666765466277146
-0.12371588627642979
-0.021410644556525277
0.20596516152334352
-0.6579237019901549
0.4543237168014525
0.09130014026670238
0.16341267884133806
-0.23804316484269403
-0.11656796084887536
0.007895455363568536
0.05189389839370752
-0.3810319703464359
-0.5398242334501785
0.19768261816739158
-0.03061998613139251
0.055074910896174965
0.3394728637510987
0.5220657998233396
0.1520883261892706
-0.6104764304945545
-0.01069105835014401
-0.5448953837202389
0.13553394726791793
0.3160533975016757
-0.09666596786864172
-0.6875178861958867
-0.5088358801979791
0.013967749308235609
0.1599691234185235
0.006031426292343009
0.7321495969819586
-0.08160590154106097
-0.20448267038490517
0.1569195600784576
-0.3779899529576799
-0.3132623607860672
0.9759626062031558
0.4974529958617488
-0.29254048964482926
-0.38624565511350584
-0.645125803869319
0.027932872348935215
-0.27104412639538394
0.1096529074271382
-0.18269285032499824
-0.049736048943125666
-0.360491697004771
0.8305149124774713
-0.22748535990126592
-0.1114799796695651
-0.353150860074715
-0.20262391772739066
-0.23838127168301096
-0.7675038824078727
-0.09752604478221372
-0.10748526531372483
-0.9453909497883349
-0.47576303951653964
-0.5664688892683707
-0.03212647250309206
0.04159833480858923
0.22206385957061897
-0.2561273439693349
0.043176509973780704
-0.08920396587711076
-0.21653125509261695
1.7743049792842748E-4
0.23903756870789294
0.11671888743855244
-0.6414182625633682
-0.05924112733538785
0.15971657810408207
0.5126268887616232
-0.43916117110374303
-0.614538205869435
0.36018440479968206
0.28338561625635056
-0.7137567395520819
0.3732980711535857
-0.3321076772855232
-0.021938260865682298
-0.5909019765529737
-0.05557435549896577
-0.14980743835044077
-0.33023682056964393
0.10557759807529833
-0.40035529869094444
-0.9436037719183467
0.01414578383822907
0.41171726711547435
0.44616070643743927
-0.03757334636709316
0.05732749912360983
0.04587654304034348
-0.32848550046006664
0.7204933247266494
0.31342252005164867
-0.5188247224679521
-0.10300319733892824
-0.45874197100527664
-0.02023245510154785
-0.08292494309166167
-0.19933102290522756
-0.17862632561658934
-0.6950525558727283
0.31285331175442416
-0.3519936687516587
-0.09193388482105265
-0.313092337751712
-0.126957675576491
-0.4357781713759661
0.0637520617122277
0.15860883869030556
0.5578783831016161
-0.9030275258711246
-0.582216544987077
0.271872796012963
-0.6621079965796713
-0.14366974810738783
0.3709223255267655
0.09490311340920554
0.05024613182945365
0.5338802645670826
-0.14768332279158422
0.0859011664376167
-0.035789023825606586
0.137181923988896
0.1424379941856773
-0.42141322717737667
0.06587437986380644
-1.204624796664421
-0.6165164558873354
-0.027618719418655575
-0.2978083176801707
0.44736820276901507
0.09961576062816851
-0.7000240833791724
