-0.6125693385597422
-0.2439056044050297
-0.34119021469050503
-0.6961613612033621
0.21493760178317534
-0.209893823822198
-0.6674920874755997
-0.7915822711352195
-0.7180168308327562
0.4589962733724575
-0.8429574038563016
-0.13421315886818583
0.26035627696895924
0.11792067506809444
-0.15869758549184348
-0.4831604476804886
-0.38814615168862554
-0.05686624541962205
0.12815100338878208
-1.1956522847405184
0.5321997990379927
0.6333869257044741
-0.33227270502337247
-0.07967960594630222
0.3387658233654865
-0.036104465717769936
-0.8753333479091532
-0.045437433034188464
0.17027735830943258
-0.13192498942327863
-0.4621938130303019
-0.1556477293858182
0.10792415173607423
-0.07144274946287572
-0.204777541284533
-0.7199961101952074
0.024611588510267467
-1.3331842713282789
-0.23201046688158994
-0.7769761440769416
0.17138414725587683
-0.7692314572352129
0.17908293992385863
-0.7334542880595496
-0.12169806026728976
0.11058081064357704
0.4664547008147169
0.03280253189280083
-0.6444375235986906
0.29766885618519534
-0.9397035972578862
-0.35464881054235786
-0.14550742953007048
-0.5540874677416292
-0.8398001197783141
0.5205228225742388
-0.5650744270333408
-0.22289591520262056
0.40757260955444097
0.13930426729629602
0.21003102875430618
-0.4176445753154246
-0.12907643585252335
-1.1743884500477937
0.1344215030974672
-0.7741330725231922
-0.12415406088612448
0.43763285517900435
0.2793552435696836
0.6304841996976424
-0.8092941098955524
-0.16883067404874066
-0.018509804915634795
-0.24726909308940903
-0.16203279324881686
-0.12530972274454427
-0.17031805773182668
0.25317590688278085
-0.08318234552342797
0.07941749118193825
-0.4405912996798232
-0.02591313311446927
-0.7907913715802919
0.7523509912850042
-0.09654955743615813
0.5333157685540492
0.018521717340581365
0.2793538761486393
-0.1769197331596433
0.9960628442549747
0.5482334019587897
0.9171450927010024
0.5775371611363594
0.3638987809387671
-0.24604285640834714
-0.2664522084461291
0.7838933855686324
0.3949568001864751
0.3424919629235562
0.6500935971843769
0.8470112437863654
0.5024688710367878
-0.48385546546120195
-0.0023244053659173566
0.15323749363754688
-0.03864038441702036
-0.4458770166025166
-0.4221882405574151
-0.6824357793688495
-0.008798738292952623
-0.6963078055272023
0.7719194981980249
-0.17470828385077922
-0.03026234055808454
-0.5648745369747558
-0.32142293343884937
0.7679031448062262
-0.16455872852891834
-0.09216571665234967
0.38947894423198154
0.5113332795015111
0.5402229584590236
0.6713109741443424
-0.5687732834741198
-0.22336504417180136
0.7766431978105948
0.40629660210798
0.5597013396408362
0.22171521685067277
0.2503204526222243
0.5138625807602066
0.6683235899212624
0.7342288257862727
0.6880224480059571
-0.5293680148784904
-1.068950370328698
-0.21344916037009867
-0.9398993960191224
-0.24864261312520183
-0.5645240397323728
-0.8665396313646895
-0.28299612424787624
-0.619246655245473
-0.2273974206404554
-0.744560661347789
-0.6679162911489239
-0.9948283876899092
-0.8382357151854142
-0.47578716821067324
-0.12321160283148969
-0.22952712419322624
-0.45696393910205824
-0.40437334310759454
-1.1048069625172428
-0.7875592413623345
-0.7198247692959001
0.1936845519041217
-0.9882932415178173
0.15818351660168117
0.14117795500294714
-0.12604635541581155
0.3681526355695789
0.05101876666869868
-0.07376773827052141
-0.1549988763835474
-0.6173996519798025
-0.4818610890484504
-0.3375997151538923
0.04987961193045739
-0.8434890587983213
-0.8991198750308234
0.3005079800611677
0.3719520447380043
0.6258813023815508
0.3399478828245648
0.38017691062710834
-0.16184880282928207
0.5563794062749572
0.15705499483099866
0.06661327089613006
0.9865847195637576
-0.08878899615187928
-0.08966573242772988
0.23341868652683714
0.2009731190281041
-0.27681987848710204
-0.6215222429273685
0.14691259575682322
-0.6148848888371617
-0.8709208266131023
-0.6804765091122736
-0.16099039145758254
-0.06824776516481285
-0.606383792695786
0.2746286935213536
-0.1997542143511762
0.5146019811709621
-0.8808846468138142
0.009898774377521147
0.18141169036825497
-0.06573481875711311
0.19188059308375377
-0.0017429425326900908
-0.8782152238323778
0.2093989990268594
-0.3961550520019409
-0.6544521017004107
-0.19702641842952082
-0.2513012777854961
-0.22349411550508413
0.01966883922566048
-0.3595662374616127
-0.326677749525984
-0.04994476534516726
0.08261434220052662
-0.5362302242662739
-0.3450475769523061
0.1845751891853161
-0.4294278518608492
0.2888160915373495
-0.32946246134381535
-0.16269389006692478
-0.8790514614269819
-1.3841836326702155
-0.8846692476513874
-0.9256368949438546
-0.29395638364466786
-0.23413798908331462
0.020062121479191855
0.046463848291725285
-0.47577644422464926
-0.9866156115487813
-0.6747992652701842
0.2625144156499262
0.6231493903453645
0.5032077312351922
0.2519072368077418
0.49386007173710944
0.390035643128074
0.49708514120307007
0.2416997308796459
0.1355155986511841
0.3353249276609876
0.5193387835372938
-0.051543106513622594
0.17828483991529173
-0.7015151362424368
0.08259832985537378
0.14661538769926538
-0.5375890978210244
-0.02189519396047909
0.12352241620798542
0.20540463014516638
0.06180039252793774
-0.14563101456617655
-0.010803532300072529
-0.5899540565401601
-0.10491871133380098
-0.20975389489613325
-0.28293490175189034
0.1895484796683069
-0.042476057537320845
-0.4025838650570882
0.28673331789392226
-0.12190079641436502
0.11785028936784699
-0.46704589784930883
-0.48437534914105074
-0.30193153869619993
0.0705603915849548
-0.5200244965085069
-0.45486982480055244
0.3676947253598466
-0.16002718722191708
-0.29103152220033557
-1.096261504975113
0.213038062288573
0.16598164797159204
0.17024841503794982
-0.0027414566485020474
-0.0077357017909462115
-0.24313654659124445
-0.004288368802239203
-0.003995734436947378
-0.1850301174478011
-0.018702644683729727
0.18899408834313874
-0.050166508544738996
-0.0659125495237083
-0.03627365710386663
0.0
-0.04509918230963006
-0.023543866805385602
-0.558054902401059
-0.9315130624893355
-0.7529283875537109
0.04998418437292439
-0.03935985865353862
-0.15101244276901327
-0.01085044610437813
-0.008754783364610283
-0.08878713316091853
-0.3064997955980297
-0.025506722846863544
-0.025367071853336913
-0.36687023372596256
-0.08728626106046236
0.26858613950841115
-0.07041540450377899
-0.32117630964719457
0.24331885224944538
-0.030272165610967912
-0.012459135455277477
0.0
-0.055438354166407966
-0.004319444407178997
0.10561209834104912
-0.453333597993992
-0.3302706983514588
0.02946767688928252
-0.20240643419509624
0.13319959705485315
-0.10235374101713084
0.1347069866942851
-0.012288300838713392
-0.2609818037702149
0.32512706917166806
-0.586242753931414
-0.5759617664986423
-0.262042437075883
-0.36240392971066543
-0.34844701952727997
-0.448654036072909
-0.14149816741362956
-0.482644931790716
-0.3008699922464701
-0.010969619406275768
-0.45696181946128883
-0.7551557577291652
-0.11520803484868249
0.3576786365609083
-0.32460568470919204
0.5318829564882904
-0.633529172946537
-0.34299628140311245
-0.07164052351021147
0.411433320819605
0.21388325104410935
0.4456487142019006
0.27817849199994066
0.3010818679290405
0.0
-0.004038698367584412
-0.06064962991182458
1.0885883380558066
-0.28448948467453844
-0.17225822866805118
-0.03595871899028529
0.7032426569259081
0.04476930246827086
0.725272406850495
-0.06397510531626699
0.7113128989588683
-0.03769113513341089
-0.34709451341174985
-0.36404521322652067
-0.414742030773323
0.12091818489474028
0.11056819551252148
0.9940774397181784
0.18735032073405147
0.2094378856196883
-0.03131739471218758
-0.09898113171667697
0.3121171352714767
-0.9956598217818728
0.07067546888114357
-1.101234549801371
-0.6805886125747447
-0.4641743332380853
0.0834856141880006
0.05681858921307277
-0.7921163740772573
-0.34892699612321404
-0.24463226062202947
-0.4944753048512996
-0.7074305497503044
-0.7066148572060631
-0.8310889203393788
-0.8774453759360537
0.5349633385039465
0.9346887539807204
0.5162383515901382
0.5763790333297982
-0.6617936007160548
-0.380328166160218
0.760242114587153
0.18443293517940224
0.40874093077442286
-0.33954377955025
0.1262164793467174
-0.857501053369683
0.9215174009638838
0.28533383697534015
0.8527546201678301
0.824035734037071
0.3265850610558481
-0.3152411839256288
-0.6275181495896626
0.10764727911873646
-0.7998012641581541
-1.0732886872031329
-0.47270207500343003
0.38258873684980027
-0.260075078632156
-0.4969997473635258
0.174349670291358
0.3456897323617006
-0.2712543179399309
0.2893672320740322
-0.4552202119438625
-0.23347156755789916
-0.9668099057731938
-0.023657943075134677
-0.4852758183717155
0.28221847817974965
0.8007434870150982
0.09456909498373153
0.7185047060769384
-1.0000248267466947
-0.8010108623265922
0.2073284146006065
-0.38287938166559043
-0.37532937790491394
-0.23428411527410545
0.9246574177702609
0.5797755743575462
-0.4849333318374078
0.6841724065985336
0.62958956230915
0.5102372822949046
0.5175739779503926
0.696232747504751
-0.015939364823950457
0.7476792387622139
0.5097626647362975
-0.38913164678815415
-0.4803225862896595
0.18904412354456582
0.27236543936318075
0.45383187078708653
-0.5571344812193554
0.219447500172324
-1.6650385762292714
0.3484281887959482
-0.36798118116631356
0.24010819935067412
-0.1754006703863552
-0.78394795531771
0.9977042079826651
-0.665092086471636
0.2534065102806757
-0.9032153356280672
0.324516544455847
-0.8858876832958854
0.08946680950562133
-0.5352602058378134
0.17456984778391502
0.3229527798239217
-0.36300890593811946
0.07288812310978375
-0.2603179167129367
0.16786063479094657
-0.05716378666618982
0.5807641360994927
0.25243103781116977
0.32875167359772917
0.5606429095199837
0.27547597094021936
0.4589621152057389
0.7447716378586261
-0.7752563425544347
-0.7175433872459182
-0.6447146757698444
0.07247446422083254
0.0
0.25621206456505446
0.9182792015844243
-0.9675100540014735
-0.9205767172363593
0.13281898000751
0.04401493543143518
-1.1670909787971055
-0.1502204232226316
0.5665587709926074
-0.541718573815117
0.5674253929955667
-0.28389255034155475
-1.1127112575891216
0.3368853062989063
-0.35279962874645737
0.32730036993237493
0.3024693244518389
-0.40244670630837337
0.43089693700372433
-0.44471666622246525
0.19780379026173112
-1.248622708320609
-0.5954655855734716
-0.15007167789274076
0.4432832532621675
-1.117171772210053
0.07012189388730165
-0.23195878578865664
0.886975010957686
-0.06158744835749016
0.5472012086698282
-0.7800016782978714
0.7170263283079061
0.5583334427794937
-0.8037846531542218
0.15694539014097864
-0.5060293223909083
-0.36048407478388106
0.7779531772263112
0.6157475228026904
0.343515366835184
-1.2037756051115616
-0.3744106441969453
0.18474463757681225
0.46122558544963277
-0.2600443064876013
-1.0044227486122794
-0.9302394416674459
-0.27145113203961946
-0.04927315765974466
-0.6235666394668564
-1.6350108594077626
-0.1823142400722949
-0.20108281365958697
-0.9427686889424104
0.29278622716812364
0.37828343294094796
-1.0651568863698846
0.3467135664470204
0.5041103634527879
-0.7377495319620644
0.4650490462354163
-0.4729192092249231
0.10659814610611633
-0.3079404446120772
-0.17152116991947242
0.31768174256198944
-0.06708285414648649
-0.17010396068377073
0.3197145626070178
-0.043259566647940305
0.44785860927946636
-0.3284759650352156
-0.016125658791356537
-0.2642852519757057
0.1979811324919373
-0.32859536638042397
0.45010850063240343
0.38244665361333846
0.16254504440266374
0.10265569568157377
0.34112655210286746
0.3663525767368095
-0.13886617774502294
0.3477812233507496
-0.3442931323925778
-0.3470864559643972
0.12108879753823423
-0.20652846691995655
-0.09591809272298861
0.22163600538824962
-0.6967564425918059
-0.1619423864209882
0.2579141765363075
-0.13519788744463881
-0.6860931841493713
0.11209666621737306
-0.00706483334819287
-0.1441288875300156
-0.8818345940963488
-0.8157950204631407
-0.6251579086972399
-0.6644981774457785
-0.5045002825986914
-0.24604484865187393
-0.9924283325692622
-0.42671443640486795
-0.24131442278811535
-1.4136319709746596
0.06837340303821081
-0.8629823174380995
-1.5144082750056955
-0.4692981754444143
-0.843306243517927
-0.25896033864708
-0.2794214879319845
-0.3511168833286703
0.4909846728307938
0.5902624365050247
0.6929560327273282
0.7297920911402936
0.5635914885071052
0.8266022598625873
0.8244633039587442
0.535218425624875
0.6722505852186262
0.7293719507734169
0.8231808711337689
-0.772575074764622
-1.0154013673300115
0.04745746529204053
-0.3503039579735818
-0.1114196988374672
-0.36799370647844487
-0.4885648516494614
-0.3377947786153325
0.30083222705674617
-0.5849020703806302
-0.5192775407323409
0.7453575058227432
0.65661071849721
-0.024311152348947183
0.06282188669349388
0.06612755825908508
-0.15704332154147022
0.567188923825852
-0.720371310754236
0.5536052176438936
0.2592584269689216
0.19516743495285488
0.476367370627394
-0.37968957627100275
-0.17879879542623522
0.38516289743108006
-0.12067433048626304
-0.09384496990993668
0.44677322793452884
0.45969808481087693
1.015635552977679
-0.579137397917617
0.09829503962502155
0.4182871296939344
0.6553382348280761
-1.1784170896341866
-0.11626351982723855
0.275679605418971
0.7395983521780559
-0.5840182291512038
0.12288520975658618
0.4383423980145237
0.5753315628334835
-0.3575556641589606
-0.3319456755656639
-0.3650105466639551
0.08590183009575532
0.46411705990994895
0.06335023289682112
0.3230832581523677
0.34036526097580183
-0.190581270675747
0.1416757678534645
-0.08574109951230907
0.06088057244566531
0.12093980782972713
0.5925683915600076
0.32023012951684493
0.6735174265093443
0.65571476312842
0.3366497398985253
1.124363541313454
0.095584326000447
-0.218241621779656
-0.34892064710507836
0.46815634087689156
0.3393847513611101
-0.08675109325574881
0.6559453166606067
0.6710152766721584
0.03253597023301521
0.09002815180146452
0.08567288618443478
0.3406140585941837
-0.09327690942949952
0.04036978951365944
0.43760373918409595
-0.4160166997076505
-0.13543178935769248
0.9952173616753687
-0.5172460110234343
0.11206134864443736
-0.20635262192009524
-0.7868712589679305
-0.1582090361669966
-0.6416366492705938
-0.135443973642102
-0.47419716611439944
0.7294659563683547
0.47463465016695244
0.4836422871423219
0.8258098019603067
0.7552270996215735
0.6210847376968501
0.6508465987942709
1.0531277086041635
0.9020244318628543
0.6905289197300248
-0.217950396671053
-0.21521633514933244
-0.28547734779409484
-0.5522205357319219
-0.2324508537092757
-0.3350281054361154
-0.8137952819609728
-0.4009353522870818
-0.17911696449586703
0.11017922892946583
0.8652682500984689
-0.19281371596734553
-0.5120364531735943
0.3225756967622955
0.7123147487223283
-0.21956792464387426
0.8740949940817861
0.34407918557166334
0.11457376660414868
-0.42215569440236406
0.051968417376747206
-0.6320729968580024
-0.2948792599284453
0.011530033568676781
-1.2844784803435836
0.17928766479347308
-0.314547812974788
-0.5121620132689497
-0.6993827197907015
-0.36270853666698094
0.06127609090007986
-0.3133678852184732
0.23451358388172586
-0.4716012045207889
-0.9846310237318345
-0.7009024504779265
-1.2817695900782795
0.6097997922556759
-0.23883409408875883
0.364950646057435
0.09551263994918306
0.04877309985730815
-0.21631161665447426
0.7533163353119197
-0.12316698974291053
-0.4542093894914159
0.9038716134563751
0.053581553285477417
0.3762574826622865
-0.020347491402738463
0.6467897515041526
-0.40592892910584133
0.4305143082552289
-0.2703628330579358
-0.34682386971005247
0.1418235534356232
0.19294722559648306
0.18004002567219335
-0.2225487569474228
-0.2954129969263801
0.6297110818805154
0.7390810334203567
0.2857089110078031
0.8497931825998851
0.507371011553621
0.35998755125357645
0.5044270630086223
0.7223353940345696
0.720631244861818
0.6059438826255158
-0.502614142352121
-0.8351631440567714
-0.3997933192881215
-1.1388067909503277
0.11973851524323133
-0.24448697179871032
0.8189282846635559
0.037263780345779166
-0.28992361410107265
0.022446357030539873
0.2059921651163047
-0.727098961041582
0.020426653174070743
-1.1635563205718107
0.19927769042409038
-0.6432443773685631
-0.24239050218897887
-0.8500458730531681
-0.2992606958860759
0.12657875093369755
0.13184048425620024
-0.48723649342040143
-0.7424826073809566
0.37057126105337207
-0.5447619107694985
0.0
0.0
-0.04158056210518071
-0.3619187665431498
-0.8012033597297494
-0.6181392603375283
-1.2273710280182601
-0.527023030672026
-0.9726708103723436
-0.45263956742093214
0.01791805292985694
-0.015873621705956988
-0.24715622589234973
-0.015744349083361316
-0.6309676747755335
-0.8374537791057698
0.03156396239058458
-0.7366770456606584
-1.1107639662435558
0.005181419025600349
-0.6850195282419724
-0.6600617434342991
0.04262945826486717
-0.1358955496073281
-0.6104162635295878
0.18348907082038654
-0.2054543072325661
-0.2096591023402635
-0.15101398757146886
0.09194747399407818
0.4933062565933532
-0.5846686329930759
0.4665027405308151
-1.0806603750315387
-0.7102058096163686
-0.5179231259394139
-0.02863693794594712
0.17338888385155354
-0.2540963477877693
0.05557674016066881
-0.5685926006239247
0.19752154916260073
-0.24010721034625024
-0.7513984806170622
-0.37769267732818207
0.040384811894955575
0.30511376193985473
0.3602523379417906
-0.27829861141694373
0.011634585963169594
0.18483647911182177
-1.0891135269446675
0.22651862484027402
0.007773412369403118
-0.6245370816802913
-0.2878590302066694
-0.6805659320818185
-0.41330797819399256
0.2861815737632196
0.006515603833669123
0.3100294476680417
0.17919314203439748
-0.18413298954493096
0.5121433939149601
-0.8045655820648385
-0.44229318879146673
0.5476398803516417
-0.05012365484870629
-0.3183598765913835
0.07426878595992945
-0.39276352067248727
0.1434888662666574
0.2042745215072357
0.2865280667346808
1.1080498111795365
-0.14119284536743051
0.8225026531162046
0.512575961342061
-0.8347632669636437
0.786919849567846
-0.29871843537727305
0.8715283457621601
0.21913880919975123
0.19012403399754124
0.013552111542978038
-0.573900080148374
0.1552858967851327
-0.2528722408462619
-0.5135382300267229
0.05625137533777489
-0.1318844870241314
-0.5433767402507494
-0.05405202447286081
-0.5605686860651846
0.09288625327816506
-0.03620444098615701
-0.25424662928637587
-0.5972559583838951
-0.5086743564065569
-0.7464138318281223
-0.2042552919202513
0.6700190733477045
0.6122000693364597
-0.20972196776907817
-0.39662558219878113
-0.7263729057725783
-0.36122290696977694
-0.4593974017934977
0.5614636836300783
0.25276730741200654
-0.14540541327698892
-0.18892824670834674
-0.12234575050800935
0.02357865575205845
0.22068895639832525
-0.7472305121087469
0.013060788093343729
-0.11825867597490484
0.274128987195972
-0.20681084183764406
0.4472044910303761
0.058471788494606755
0.5915819133301712
-0.5594819915346807
0.15925152862471156
0.7731522622930795
-0.04956347444539627
0.1434610549691049
0.25278544812333203
0.4263269650769142
0.1924784851570572
-0.2946288657637411
0.0628380019489343
-0.4461523161239492
-0.1647901128058762
0.00537394860568548
0.1836491709856129
-0.3344349939248486
0.02982998323902398
-0.6358132739467287
-0.05224346386322547
-0.07901131274097596
-0.15312062920084754
0.07093396393540931
0.05964798439871307
0.3121518928594777
-0.580154404370407
-0.11143114470115119
0.02315466843772343
0.0986631213861108
0.0
-0.37852215175088993
-0.6526538331345562
-0.7354564088235869
-0.2569336212137496
0.10205796806163335
0.0665255979732513
-0.009389646219622108
-0.010913876663258309
-0.28489261515238445
-0.4039301646102565
-0.26882727982010496
-0.13002222688541573
0.22178790726570702
-0.14916886207070665
0.0792850662416962
-0.07661660688888741
-0.023504023586716064
-0.07633808619091008
-0.2923869818840686
0.026142697370721706
-0.0023087092057563208
-0.03460395535837101
-0.5527927415115664
0.0
0.025700417696782055
-0.00323557836401899
-0.3849340967441541
0.2779488009769821
0.1630176558421594
0.20894907527449358
0.0
0.3828706211996379
0.0
-0.09316634881981394
-0.7851743973905367
-0.08422700003171238
-0.5213027343538232
-1.0523536702283458
0.1571340894809857
0.3100992092263512
0.24781239243594874
-0.452300031819571
-0.3417844526091528
0.23886042417099312
0.018827520852047336
0.03128979779727222
0.1925958808440278
-0.0065002461720444485
-0.17759217142007766
0.02189352860025124
-0.009477123387925139
0.1053860946332474
-0.005093076183410321
-0.1388323068039173
-0.06317047774390744
-0.8266532434118612
-0.02165671716465489
-0.30131796677024136
-0.500780451973045
-0.28342677262711696
-0.344072844748456
0.26058250821305223
-0.2667105252848932
0.0
-0.43246964933326887
-0.013907551176672637
-0.11153261392592877
-0.1959625228678947
-0.13446263115440021
-0.12660889134944864
0.03664964350760027
0.09315615045885721
-0.10104374390150278
-0.36724163464203574
-0.23099407925132973
-0.3390440663007686
-0.006353506541608309
-0.7476055880157335
0.1769111699391086
-0.5031188082712525
-0.13246045381653462
-0.7287309790908082
0.17791027408621904
-0.7886377337308832
0.0
-0.5160770288495438
0.0
0.20182785300530282
0.1940135906179843
0.0
0.006740389689027264
-0.17105697679930132
-0.2159081426039865
-0.17280677304752354
-0.35937560458014134
-0.13805108582770884
-0.592701202004445
-0.5069580432008406
-0.07049211736283087
-0.8180796163150719
-0.23541612689577976
-0.014752700570730363
-0.6455360494073633
-0.5124018226295731
-0.9142957950953162
-0.07558025805723939
-0.10453115664008643
0.012751783356637703
0.23987266342011093
0.5821125863305752
0.019571427720488168
-0.06766570269874939
0.03509012667287487
-0.11364862780074161
-1.5696364080370135
-0.9060187448475818
-0.5727175995432549
0.02474774127927672
-0.1977323856297604
0.0
-0.16127056579098967
-0.029361435542863974
0.007391195074979891
0.011754480609443565
-0.20350993707127413
0.0
-0.17427299414584582
-0.05450258859347259
-0.02869566337114185
0.1902564085536869
0.008607543561331806
0.047303640536638436
0.808151382833076
0.4480149715909986
-0.017587293445444997
-0.0291880246986773
-0.12662346809255354
-0.009901817439001188
-0.012013992042072813
-0.022803454761342278
-0.019756414752524327
-0.027626909683659592
-0.056062074750449796
-0.0049153706343634295
0.0
0.0
-0.615903638344461
0.5752858095342442
-0.009390971973609394
-0.04849081714126596
-0.8099923223705979
-0.7857792505414362
-0.6844220411003678
-0.8117185225447675
-0.6093082234151651
-0.7190727905768602
0.2495193576746956
-0.00404784712228456
-0.07696083090033146
-0.0641300366211902
-0.021052922980757966
-0.04489241559000688
0.09172811910072033
0.03390155746221804
0.13189056165550836
0.12412399950428943
0.03254067311849783
-0.8086767081243657
-0.6242562541207844
-0.6532192807738385
-0.14502104741665245
-0.0864409634376679
-0.4308975781630037
-0.17064538818732852
0.16566111273890335
-0.33208044577822154
-0.18812263431757484
-0.19240343542372473
-0.24076239558478457
0.14580599009331255
0.3494807016755444
-0.43746506384158607
-0.4326403144683535
0.36322881125622286
-0.06276907701432803
0.37992145297092045
-0.3507905143814227
0.2173398102688924
0.3459885153808029
0.20510260811780276
0.07800545516083164
-0.3716408308973793
0.09978847243555605
0.030333201241863065
-0.4555619291041142
-0.5559254387412913
0.48686210986886574
0.1530896784465562
0.16693978527962966
-0.5457484387723068
-0.27445918977636224
-6.763221913796794E-5
0.08385238699376961
-0.9681754243428567
-0.04771744124605962
0.10782856407520494
-0.2922829365064779
0.0030729591688890452
-0.2727990887213395
9.365249063758615E-4
0.09083740790854704
-0.2616927175421708
-0.156561186700583
0.2200671148912983
-0.23770587249958774
-0.7201683971397866
-0.6420094577695901
-0.9221795917954769
0.06538040156331634
0.44208117141472564
-0.10363189434730788
0.22630650334148839
-0.20973392145182748
-0.390570189320716
0.1018134607448083
-1.287782637938662
-0.5906541670180121
0.1363012323445902
0.1770763990849904
-0.047253961262629665
0.20424342339038093
-1.0058662254711952
-0.004147266399924078
-0.5482031680187575
0.11406306052351697
0.246625602642818
-0.3084273722650397
-0.7643256859851583
-0.13283075910907569
-0.13402783500091847
-0.05775727525974001
0.614830458822627
-0.7960695406950451
-0.12350732218658281
-0.41318452538995365
-0.09240417389354579
-0.3663285408598162
-0.7114371717731846
-0.1878456652548843
0.13342831266469238
-0.6578777959838754
-0.16983271545998954
0.43256854831520686
-1.083986289610293
-0.9049294183916254
-0.841715523805897
-0.6556182018871018
-1.18907270432044
0.19929627230700714
0.5149854605734361
0.3984365143845142
0.7425327809925074
0.08611411537181252
0.2055632744058679
0.12215910145739174
0.47841447181227387
-0.33766791600414553
0.0925448666511744
-0.06986676838425232
-0.26316813813123485
-0.6786616488211729
-0.7152361767544765
-0.945607195127685
-1.7176244108474434
0.09761696125719571
-0.07725089658552728
0.21913403186166153
-0.2912127731155858
0.0784807268749355
0.10482156865307848
-0.3422518290518122
0.25172669857288565
0.0
-0.1649154843228115
0.1495185472215564
-0.3695027784183226
0.2212078487768302
-0.3654514022232513
-0.5566909757501888
-0.9167507931677267
-1.0154699661036861
-0.521635496162067
-0.014828879823776194
0.9429188892072123
-0.03183755730070463
0.18299860432599185
-0.8136518766070534
0.14950663575417947
-0.2954626691757394
-0.8069686689430653
-0.41099064814736763
-0.3701999976970362
-1.3178646931244102
0.4540549749782207
-0.2606523872698079
0.09995941359502251
0.472551244342445
0.6179280828322179
0.6435169887834008
0.022109301492253434
0.7223797448585592
1.0181786637509411
0.26233714371554256
0.40941287363362483
0.5395701480926637
0.4568089323332407
0.6868155548936535
0.42332209560909595
0.010850556646481456
0.08656183106939529
0.5485068820512041
0.6249359563297027
0.4961531748579984
0.5982219834098935
-0.06616439654179912
0.5222414461032305
0.3861127499714861
0.5438763020196933
0.6001439332872227
-0.07361749248237065
-0.13792913255508607
-0.14163004550928296
0.0862535236376359
-0.6750004064437984
-0.10393887187693435
-0.20408326323854636
-0.22847076239386704
-0.14056268803820807
0.08675538731609468
-0.0614600768397995
-0.2739018817280906
-0.014574325267327777
0.14376302010596603
-0.20408126213930528
0.2184678793529123
0.23080836110636577
0.8607059202217294
0.52260858073745
-0.4960806721652755
0.01868862616615725
-0.08040432210997617
0.4590307715809528
-0.21693743726036735
0.2121829113431117
0.5987850678882829
0.6687204369391742
0.5025387788807455
0.7190704315747003
0.04795213510682041
0.7362261667971729
0.18489254970877178
0.3106795504285236
-0.21105066296696576
-1.2981546159850679
0.2872104944776701
-0.4490020182863443
-1.417181928162491
-0.668946466283186
-0.5832856495379837
-0.10193749189874303
0.3794475381925303
0.11575179838679132
-0.22682816676539233
0.10116880707741496
0.1895072836966937
-0.25584234561474023
-0.0017283820882978925
-0.7133142768565179
-0.9634421414380759
-0.5597561867528387
-0.011084605866975532
-0.0473532368352901
-0.027266689622993744
-0.6581437284880727
0.0
0.09607917674303376
0.07817560657516849
-0.3653787061843034
0.2874217182417211
-0.8262290665052299
0.13455005162364211
-0.24250575476501707
-0.28101539856234964
-0.47605825297070126
-0.13564171523073157
-0.06908128968536732
0.0
-0.24363994231709418
0.1727607727560287
-0.3788536921307968
-0.29629405494434263
0.1768676363080764
0.10977863571737168
-0.27602046919187756
0.27600406901811736
-0.3524677295266154
-0.7628498221886886
0.020576192289877195
-0.12700691163250993
-0.09029083003288131
0.20773140613762747
-0.22256805287523573
-0.5750028748513513
-0.19150043450825022
-0.3033576123413145
0.5779041228798374
0.22435595094960467
0.25646006395067633
-0.042703405368354236
0.320777959546933
0.20707007867068875
0.16254659843584698
0.13037530975641237
-0.010588005160132228
-0.046497178272175824
-0.06790990103947436
0.6457052230403622
0.5278617164385611
0.606985021999085
0.01700719495708474
0.06324218338047286
-0.07509593890766462
0.3750916832887776
0.5194198720406135
-0.355069796984126
0.7060042522348403
-0.006478295479229451
0.0
0.0
0.0
-8.414439110183645E-4
-8.497955837133687E-4
-0.04458868007026259
-0.0017438332039287135
-0.001436166485860061
-0.12502925129917364
0.18230457025764715
-0.33954171490291135
0.3823870088403929
-0.4972284202889004
-0.04668825462921937
0.6921175607951545
0.15791242937031907
0.254189857184461
0.477615940744555
-0.02270148185470503
-0.030781432559038077
-0.0011685836467911538
0.0998138383373874
-0.16467223553944568
-0.0683726744169666
0.10003842511909873
0.1090591413726655
-0.1442725940578622
-0.01625220027620254
-0.30429734449729234
-1.1467393966440953
0.0
0.3205293582072907
0.799366702599275
0.029096753006656855
0.5131148624253777
0.14207090324930843
-0.4904618881194159
-0.26437280790126266
-0.544673154529069
-0.03074156785164733
-0.1915654203143242
-0.3601100261163804
0.10590294960951414
-0.1829399584009948
0.02631321938513094
0.041451862635580074
-0.31229814557068836
-0.018703692705931214
0.07320100572266314
0.8121811593083184
0.944101628807437
0.028208416048912485
0.6668518131906777
0.377790699555742
0.007873835237438944
0.570841613333834
0.5713763019682598
0.3952192865386361
0.7237745988504464
-0.3330815785973573
0.1676607089222616
0.07008946772896729
0.11277388858873465
-0.3895534250475912
-0.7453570513770515
0.050897628250076855
0.09354893956111653
-0.001812756305204451
-0.1562520766545411
-0.24221005615402824
-0.20916432474282942
-0.10744013126768419
0.0
-0.0016450387641921795
-0.4163892559631203
-0.5264659378547357
-1.0369778909335063
-0.016977664681756294
-0.7442790953704452
-0.9194643947235197
-0.3399003874846305
0.22215987687735525
-0.26885260713733705
0.2213799387872488
0.3274479714255074
-1.3245793876436651
-0.5972784167882222
-0.2083408158494546
0.11989986901828399
-0.04626873639716529
0.02453364872300161
0.0027153849603636844
-0.6026334816155902
-0.22730845490868457
0.1273735547283126
0.033936861191707704
-0.6528354713443129
0.4031935628902586
-0.7509787527878761
-0.4386069032429928
-0.16422930257343465
-0.9064980526025193
-0.8343452429414864
0.17238290181361246
-0.15891445142783026
-0.4270609341939248
-1.0975697702991423
-0.16751873998278505
0.059806981296477116
0.0
0.19698531705575034
0.0
-0.1918417600165309
-0.04091530108749249
0.12396460141544283
0.02630979267384668
0.0
-0.21361893667137621
0.11625586542731657
-0.3008974389597262
-0.2437576150105776
-0.0861023294784621
-0.3077092259225246
-0.24555728706725335
-0.5586812505351259
-0.42048525256004987
0.14451116314875698
0.3214776494999557
-0.389854619614341
0.062137983033298455
-0.007000451723996162
0.09354934766744437
-0.0026224625968932287
-0.1947635389909736
0.03662739026517964
-0.23359378129036407
0.23213038747433318
0.44043792748115834
0.23205136025350329
-0.1345038476455309
0.021231735556441953
0.14736481848969646
-0.17946710876657487
0.18176498652090434
0.44346889516515764
0.2975054214013102
0.2812827651193587
-0.4685651100392814
-0.012637697803436463
0.042738122016436474
-0.5235463816567252
-0.08321949398838993
-0.8795116020473472
-0.1888051159486506
0.31056607626387495
-0.40804065432936787
-0.627844053359097
-0.4154300844940967
0.06274752977119648
0.14785590416629768
0.02322740393967015
-0.7586770955201012
-0.11631060472079051
-1.0223864626325048
-0.9511658045251455
0.723267797172692
0.09435144613417304
0.23486049392233255
-0.39291198969951807
-0.2313344456263549
-0.2669203305570964
-0.08712578133375118
0.7646584740644333
-0.2716726894119409
0.38733873234587485
0.17975593224174788
0.019338809276814597
-0.3481051712772138
0.1820841851479748
0.14754271396593086
-0.06153967636109474
-0.02659331569782619
0.29090797359973514
0.9458964803873783
-0.2032092995916764
0.07487997857248252
0.214188932198904
0.5607393242354181
0.2433443441542621
0.06056199213938627
-0.3766813663229782
-0.06881237538399604
-0.3159195854808033
-0.28907297612690475
0.30477577459346716
-0.08460562640263787
-0.05915269900864787
-0.2416270460349899
0.11985287723683184
-0.035269940701006364
0.44961647968198304
0.4169570919182164
-0.41533004714057764
-0.6897560479143149
0.18604202867314681
-0.4378526346707131
-0.6987802182880363
-0.16379489155777135
0.016139687336852476
-1.1575373847816168
0.2523543686522211
-0.27763912249651856
-1.067453733196691
-0.21447663803571285
-1.0637220108026204
-0.2560200846376362
-0.31030322202106775
-0.2898055758494565
-1.1638002920872725
0.55337098892678
-0.14241867093726268
0.27145831430263495
-0.833656155194493
0.5180206579390805
0.02508235379464336
-0.3207111947098843
-1.1934127473108327
-1.561314294646933
-0.806812229249593
0.6174596282445993
-0.450850135474882
0.1689777895503125
-0.9177214140976092
-0.17914575842351751
-0.14231946183895625
-0.08494476671776116
-0.009923080638250332
-0.07829503856433498
-0.627499600373898
0.41724844985319726
-0.06364671292056277
0.25652299410202656
-0.5663648917004664
0.4451338699605524
0.2618217532540374
0.25435649884461903
-1.275391685184538
-0.8364947271740913
-0.7995287515402695
-1.4218535857834893
-0.4089190071523406
-0.21784230920155115
-0.03473337756629232
-0.6732593333578785
0.23038704637311336
-0.9101467834870902
-0.8408306806331673
-0.6428370543349685
-1.2227532167588866
-0.5407208689947897
0.49971453746237765
0.38568050812699883
-0.08546068658108302
-0.5279708590795978
0.5094936407295658
-0.7760602948548408
0.003843684775706173
0.8947156750942795
-0.5762679889036247
-0.14628326894487786
-0.022247891611709328
0.608240747773186
-0.05693866169721837
-1.1846078232582677
0.11892324314020108
0.015517423851538457
-0.23930259082908606
0.5350739146435116
0.3144861349090959
-0.03062403757240806
0.43926415631246574
0.3391883547215982
-0.762640252013854
-0.9532185900038503
0.15104801536571458
0.16059153110880875
-0.06308729428609497
