0.19171507789754388	0.31782238478745245	0.7556602825003753	0.3607703271305326	0.3484609545965606	
0.14750967211674573	-0.1305034292911838	0.4834146454172543	0.21456677626362053	0.20640246858994216	
0.0167268300931412	0.2566783084756979	0.13154810836615188	0.15405108652431307	0.18281399167085044	
0.003728063385203746	0.20613305720040215	-0.2895990645326582	0.0367249408416287	0.1307565681884654	
0.09812144494195223	0.3546861868091772	-0.275905783956703	-0.28074617997248824	-0.017038665447669122	
-0.004227188599017796	-0.08573196333252667	-0.3008306869330682	-0.32536072942290667	-0.3277295601144365	
-0.3189261876303918	0.010944300316946761	-0.7519900332846747	0.005499997155028687	-0.05224329967143714	
0.25327456751382976	-0.8609580268719129	-0.34386944277001663	-0.4364717433410144	-0.03328392038827555	
0.059302268976421935	0.2844715099324047	-0.25345059029070754	0.033014308493555876	0.0030087202675511265	
0.052411858935829794	0.549095937058545	0.5241574224714086	-0.25123624935857003	-0.22832217999793736	
0.04504949246044433	-0.7342810208286543	0.07021320241491638	-0.6298197973088225	0.6294176459669913	
-0.009107288218807965	0.38707124149715344	-0.1464791277691782	-0.08021320676958162	0.23708829651296057	
0.21172842180675525	-0.1622927254162063	0.341692222361342	0.04000776523152045	0.06469087411327615	
0.2230346672373201	0.3003480093822984	0.10144238299449804	0.6147874222430543	-0.3021034132307732	
0.6444716456970905	0.40668465705558254	0.023524040763010075	0.3928799986705084	1.1073574708032696	
-0.17147900471813504	-0.49170937745678744	-0.10014990291838254	-0.263920562198697	-0.06270718675905468	
0.2523937591141175	0.28738896462234276	-0.30823483824789544	0.4603746813937079	-0.1699265285349048	
-0.48563642731079054	0.053917760344341335	0.6550256847111402	-0.29720934146218775	-0.3120777365098061	
0.014697230510457791	-0.07134481054171708	-0.46202460866565603	-0.3314096002519185	0.11409362513180266	
0.2167465121052923	-0.5241693131345392	-0.23627510164310708	-0.2841956563656099	-0.19978998901244438	
0.35955250770422165	0.34380901640389494	0.0885706293405456	-0.05576251132312494	-0.22706943584869627	
-0.09070762852665519	-0.3889603121994132	-0.5323529309666974	0.3891526663819255	-0.5575880394291987	
-0.33117502700905393	0.39244765814264776	-0.49780680641379393	0.11182345530901083	0.23210003803197143	
-0.170964892913784	0.09779615079546258	-0.3417316764862889	-0.5059961304983813	0.13580185525345898	
-0.27525776951413977	0.16121474144086215	-0.21203885918837348	0.024024561920459958	-0.04154923594075322	
-0.12130052108476151	0.6812292745305951	-0.03125397076690204	0.15112081453193035	0.6396409325238214	
0.35106864049264014	0.505655173785907	0.2929511263077753	0.3938398319486229	0.0014453608292081738	
-0.4060035336116395	0.012040625616528595	0.0744789005198601	0.09686659973967049	0.11036720953048945	
-0.049330876104431994	-0.05360721777652705	0.5913295730516401	-0.01919136657006302	0.15022778236996748	
-0.33514684709043735	0.16985834741688133	-0.4463300961726903	0.0747436255507774	-0.08092381908917837	
0.12253779074086803	-0.040269940134016316	0.09629033219519836	-0.11114608226055445	0.21775098146570773	
0.11915574635827687	-0.13905092651648818	0.40026101303340744	0.3922162778524063	0.5270186527204758	
0.37167572308096114	-0.019570891118781377	0.681273333628189	0.1222580150391666	0.4788677734263002	
-0.2386321877344852	0.030464211314854862	0.4488530394331135	-0.20093108260515416	0.03189406476641081	
0.5331455760518022	-0.0042703753132179246	0.4401678270575787	0.18074972655837854	0.5830573992684955	
0.5011985654514648	0.41705586922101323	-0.5910210616836022	0.5518541543523435	0.4589863651727464	
0.15899811462726274	0.19623960661646478	-0.14952790942126812	0.29044992337796216	0.2488263675076959	
-0.25172381573390673	0.28365191819409946	0.6773741050406646	0.22877487359783974	0.18978380761150532	
1.0173402225539994	0.6006620464932217	-0.26059807772622695	-0.1581497784356094	0.7600701810120606	
0.09559103607254564	-0.3195896917639268	0.29194951815526365	0.14107775595720096	0.3792213738995974	
-0.1195711639015019	-0.505957256024126	0.48019505761692927	0.3050201844535118	-0.4651799508856895	
-0.24766935215560132	0.28571508169495347	0.01235314380604552	0.10068831506426093	-0.34000415053648286	
-0.04459785243785492	-0.29867485657983095	0.4889997654396554	0.28776519680534274	-0.11033899944820173	
0.18575118184257733	0.4901034797677	-0.815959357497869	0.14634900808075135	0.005791250001118713	
0.01792919961147656	-0.02405314277879129	0.4553622674288667	0.13445160262992634	0.01842113847336341	
0.5970593354832179	-0.029157142796355996	0.3996010567831282	0.15423968158152962	-0.011716596320807784	
-0.2807934939277478	0.10488289229214201	0.4146771155038097	-0.0031864303983168488	0.2319292814150688	
-0.24102261472537428	-0.048762970072798506	0.03909580672613193	-0.1771322202312905	0.2795020155798942	
-0.4004213803271209	-0.34965613179738175	-0.6104898544530464	0.22910919118350428	0.08225620407762699	
-0.21836168594082808	0.21202927920995804	-0.2897802796575612	-0.052794434672718625	-0.3885564860883077	
-0.19885198835559528	-0.7888222613508685	-0.41005125916848334	-0.49430082936404807	0.114291082326128	
-0.3242032317138704	0.046842979177205646	-0.18167109223981237	-0.24775463884549145	-0.4112914985183307	
0.19738988403602034	0.044401214296287794	-0.6616742906302305	-0.11146960145996324	-0.07082195379369427	
-0.16919067612861707	0.21108553537184105	0.13482839715473435	0.08194526773343043	-0.8641219854924974	
0.049166017409478534	-0.016577666391807157	0.19240846757103108	-0.011131989337327917	-0.05226004601040625	
-0.6002375650400824	0.06103663480044958	0.21332575680756816	-0.15090327847449728	-0.0609157566937201	
0.04289928227605143	-0.07163501733779974	0.0903832601091665	-0.4338012208519839	0.28531181419130536	
-0.402905712860678	0.07792419983206375	0.48311376051799304	-0.358729828600507	0.3649520324917875	
0.2448236239021569	0.6673952553774453	-0.4416395380226411	0.13565501789590023	-0.17751228775492045	
-0.600278535006934	-0.151587012091904	0.6674083596347566	-0.20300518709032445	0.0023439390162024293	
-0.07732937486384743	0.10196180543557697	0.4022293622920013	-0.03608944826436677	-0.24862471356928462	
0.22851780410523997	-0.44124849590210047	0.45739409063436415	0.3958994074861043	0.489933746411327	
0.03025456248512301	-0.13279988766686085	-0.17897668592139906	0.009340549128097193	0.3415607396777834	
0.5855005572256938	-0.38214839061662675	1.0255420973264675	0.5886929955303025	0.19853746448188284	
0.0073638707638427996	0.40133842007019266	0.3604821911848928	0.026095812761474588	0.21764320864909514	
-0.16167040697451107	0.02675285386857254	0.05094965885570887	-0.010650489419304526	0.23703729393219994	
-0.9010048904352953	0.24983229262892173	-1.085755735098921	0.21964195125886746	1.3416334903921927	
0.049390238820914624	0.03699357646735758	0.05483565932830216	0.12086437974748884	-0.04527587339625515	
0.006660371315986723	0.06544140385024642	0.5438564105783309	-0.01364223487097937	0.09719552109259119	
-0.26605027631026446	-0.06581608393424879	-0.11620430980514866	-0.21109271201196217	-0.10717375885123145	
-0.29099816342176554	0.35551669846138756	-1.0815782157446288	0.05514065550005341	-0.5976429402184986	
-0.39677031749834923	-0.6349416382751926	0.3631087471386173	0.2504647806994804	-0.18132231560798065	
-0.14565329431281818	0.5237056224280655	-0.011086038770575596	-0.08937166844479617	-1.007004781432672	
0.6614059211004025	0.22478775149503166	0.48967977690772363	0.3061810463903566	0.33015657638137863	
-0.0707893269691119	0.07087693035042221	-0.2687558743542982	0.07726431716763422	-0.3879704295641609	
-0.3728047707997808	-0.38855748546394653	-0.6511942267749231	-0.3012155829889559	-0.13284664842843127	
0.02875010947955866	-0.17921621432099552	-0.5456607648679311	-0.08739351421737258	-0.3135099638474512	
-0.18586283375643542	0.584871906950931	0.010706691710471778	-0.13769418810158893	-0.055810773024463946	
-0.5608337487686754	0.01904962213737813	0.4379486154186338	-0.2694062014073207	0.3111962472279627	
-0.09001157843156725	0.018147000119735905	-0.16333832632760822	-0.36583057215167525	0.1922676395367101	
-0.2916002255938105	1.0413400803869597	-0.5727953845594966	0.22480112747823755	-0.17649779041860555	
-0.3542451421026079	0.6816866940942249	0.19511097817355263	-0.4902545418454572	-0.28907703524764683	
0.04827372486694811	0.5724870292721405	0.5997100334584893	0.1332501155227758	-0.17065187591344014	
-0.01765333798276951	0.6688867938353354	-0.510061502339523	0.8888641749938784	0.44233081104524485	
-0.08127223826666415	0.2938908196045634	0.12499274395982568	-0.1924098393720554	-0.4161624860744077	
0.3905298346186274	0.28588374777908837	-0.28995658359072457	-0.10264555220653185	0.21584802563470326	
0.09516668804800281	0.19130576014832323	-0.3714727720573447	-0.0786224521529827	0.3856996244764045	
0.9850599698601232	0.8297461907619622	0.39481108001621756	0.5068242372847696	0.7569557590767506	
0.35065202384878014	-0.21305168544703815	-0.07091665039024285	-0.33665882857109625	-0.050030617789707243	
-0.19672859942239665	-0.09532826510223777	-0.6244525798259535	0.21343496758419156	-0.04456305861111192	
0.24719923771962132	0.020816967903910254	-0.9406786249068447	-0.40890479761880644	-0.1450066175209725	
0.06120002387666718	0.34001306388500674	-0.21440225712949404	0.8233809747759584	0.07034263375561747	
0.3095640268100735	0.09787809251747263	0.658349092300883	-0.012822512823488534	-0.17465308068602434	
-0.03278205329199994	0.07020842880664516	-0.531822300428616	0.035255293270061216	-0.8830810063357782	
0.2599034529163017	0.3623303648155091	0.25769431183093183	0.11689340466318145	-0.23435484568352197	
0.16195576978610185	0.004324743406537962	0.19773076744077617	-0.19623874724352208	0.3801871998390148	
-0.14540523339352962	-0.03332776976384521	0.16327665434966493	0.06454126329628433	-0.09992490309879874	
-0.07679220192920497	-0.07012214709523001	0.25014181697814447	-0.013785188605377483	0.08860371829641647	
-0.024031282717378893	0.48554725793592135	0.6745835226759408	0.7411097323132952	0.6941390291954914	
0.09233968511433985	0.2028606337572004	-0.11640738788959545	-0.013672717856535822	0.05686571851172048	
0.09104143456286455	0.20960181491913457	-0.3403588581464319	-0.047727395051604775	0.04702380442923371	
-0.4392480905460745	0.054411796902255165	-0.7383277163798532	0.334792440449425	-0.55056018871094	
-0.4212362443144092	0.20382859372778453	-0.1740506961907045	0.5383692718886021	-0.20305242162359838	
0.15829657872162228	0.44552619871388255	-0.6285188511822561	0.1795116354852975	0.26820329594405856	
0.5892188689333557	0.01751729051788978	0.21004543525868036	0.049461487288224575	0.3682596883993504	
0.4875108854064376	0.0174024797003703	-0.2566254422395812	0.17284421341722686	0.2856868972788233	
0.14879062795072334	0.6647413132464236	0.5909646114112259	-0.6356234141137522	-0.2919559226821943	
-0.12495261777491914	0.02196938960977959	-0.1789217891229966	0.0892835623454185	0.23563454256587818	
-0.8454478296892428	0.6309463530332456	-0.4415130465118632	0.04639546749665746	0.19175177922446401	
-0.2422026162634562	-0.2986248019866966	-0.3029516731217136	0.027652106900861076	0.03817784510758762	
-0.5580553767480735	0.663787578213913	-0.22392439304154887	-0.7891905150219204	-0.9387784472205786	
0.6578009896239406	0.23873354001652047	-0.2632539336245353	0.49680607738128335	0.4564592359635686	
0.11712551465860487	0.06333827336438741	0.03179986150612944	-0.13983046916970376	-0.20057416448089382	
-0.6205059933962711	-0.16473826984922596	-0.623262293841673	-0.915502879933402	0.026775456540682887	
0.5057707884377001	0.3782692806549593	0.22979425741864176	0.11235890522811356	0.9822316439401465	
-0.05823041208643584	-0.14943912776589566	-0.4772964383652326	-0.18700569825381627	-0.17756428810595312	
0.24033653412911696	-0.08013435595932651	-0.15260195054452128	-0.05262788065951679	0.1551508457002695	
-0.1518788035000372	0.2124424563479482	-0.4409817067250679	0.1400816642203696	0.0982263553567295	
0.11876945730569988	0.8807751705656295	0.4204440416957542	0.8436743064872684	1.1798152865815863	
0.37706380771049275	0.021523660224581298	0.2889453018334311	0.3021757768859028	0.30902595558828155	
-0.10417542605571724	0.6141365087211436	-0.44396772098529724	-0.1875389645864237	0.4303266810918367	
0.34845279385683114	0.19551867702244094	0.6046885911331124	0.10531233028132919	0.03172191443823631	
0.25819631372524987	0.45430612268328	0.08860790031352776	0.1405404839584779	0.053393969661684804	
-0.46255850815424104	0.3454104921332001	0.022537755976584167	0.12017641129140341	-0.9977341644490356	
-0.03201922602006929	-0.026079681881518726	-0.001551596890104356	-0.29909477838979603	-0.12504904738844122	
0.05150467366395137	0.07160955305168594	0.3832703860843015	0.024775801633893653	-0.07061484708118364	
-0.2776718818658027	0.16868976656347248	-0.23107423550819503	0.0025474574667267253	0.30243434642557604	
-0.20233219221646967	0.22832157350632143	0.3260470252590975	0.09105666787308857	0.14397575603025817	
0.453919588130759	0.1781618188734652	-0.23525584997474813	-0.7314135556908611	0.23488727599999612	
-0.11518391542378999	-0.3053829243250472	0.22603269704616244	-0.22208204964892947	0.0491166729480798	
-0.2003840946933174	0.23016720255162407	-0.05639606211682373	0.390427892332493	-0.040230143655976006	
0.7314957937024611	-0.1499036679198296	-0.3154464855212115	-0.013716422314682857	-0.196759235349701	
0.14010973484810202	-0.014511312713832852	0.5328149320007494	-0.060041102627765665	0.049968829131606586	
0.3413491591798105	-0.09267553241413568	0.746202431365289	0.1549077632044155	-0.044818338467302654	
0.35256177194300625	0.41694771426516863	0.565601163918059	-0.33484775096034164	0.18766773988296184	
-0.5629128737923836	0.19305690263679964	-0.3722485658678387	0.10991950061009914	0.31793121392002943	
-0.05403037025541955	-0.09323032914475621	0.17944865850129732	-0.20891521096210294	0.3320528272916971	
0.13735844004784045	-0.20417688241795165	-0.29585946088318105	-0.025519492058756064	-0.3840864791253006	
-0.1604699303685545	0.05396910338804653	-0.032985850395604595	0.4665244037440565	0.043064093338071596	
0.2623475337657664	-0.4879147308156292	-0.3353822229455816	-0.11769815193246409	-0.059843133766224126	
0.22400805842522553	0.6677238045878752	-0.06236836368848941	0.22182590138494143	-0.19371063551920326	
-0.06805516545228174	0.10182502262824156	0.04616784762741726	0.18302091237836554	0.08858425948501296	
-0.09072538036041622	0.2283683798841104	0.19106511099604548	-0.4537324668356688	0.10514865506572225	
-0.06374764882752229	-0.030028762648894692	0.4405102096347985	-0.17395837368496078	0.08693277768980104	
0.18868619494620792	-0.13527327574495285	0.26577074190162736	0.1983188689145565	0.2551283856483862	
-0.15765300231205157	0.5781405526560986	0.20075899890626536	0.49438979751273954	0.38266865293132496	
0.12607027888023498	-0.34893818339809085	-0.04975333756482919	-0.08252589088923247	0.0901059574080711	
0.050779898895410125	0.28364534601430186	0.0813287341326273	-0.2083967811701505	0.026365325169234892	
0.3196886733545676	-7.94327761780528E-4	-0.0296054510072601	0.05088209281513444	0.7016394850670663	
-0.07894656261355712	0.5211730655613344	-0.15526670124995354	-0.1163139861655904	-0.0043149878020841545	
0.1356889646223008	0.5535911061141847	-0.2437479553992639	0.245417476297411	-0.1526024524239873	
-0.507601638428332	0.6888487309791244	-0.5642308845168725	0.3602175289827491	-0.20265790924678082	
-0.06546540590912926	0.4497949720130141	0.006514446261444947	-0.33664017554249265	0.048996736518267386	
-0.05989630801209202	0.27674772851900514	0.12437936659700255	-0.36169804630351093	0.11034626963627975	
0.2534355594824478	0.2779519434813331	-0.5207813452253752	0.19542270578216317	0.13013138526604354	
0.012622803271990484	0.5704931140810086	-1.007093917407541	0.18422554827828505	-0.19596206105850958	
0.34665717817091596	0.2865789977652051	0.031995563107788144	-0.16271226510664344	1.0999213738588607	
-0.12493377728809399	-0.44444069060314856	0.04382264359655957	-0.27894525998521963	0.34904559159462634	
0.27111995836164143	0.3410744837535897	0.1685938775374568	0.25142496992529856	0.21048778798102136	
0.25450491955492116	-0.19853884799026114	-0.8763426179949475	-0.2324849237788738	-0.5753308050930019	
-0.36507744660415015	0.03557228790991416	-0.3312717679659508	-0.1311529085550203	0.2651258945648187	
0.2837257389665996	0.5079819879583994	0.4371775498672657	0.282333060882237	0.2730689157084046	
0.12774712700685265	0.10286475936715395	0.345733646424945	0.0882302302056347	-0.10602912205413405	
-0.14001941767485448	0.34152664925257187	0.7466462759443262	-0.016445520627100658	0.3242760766352459	
-0.15213466653776825	0.10054590050347025	0.005681432087177331	-0.5125381212947511	0.12599705735720465	
0.032082790253572094	-0.5847722500124167	-0.431651015017518	-0.4069628696117504	0.09178018876903787	
-0.3026767418902642	-0.24567855183401274	0.39977948239579897	0.07621835075079807	0.058547089267343595	
0.15056602198096875	-0.1491405300400704	0.2556995997810579	-0.07906001235620201	0.2101367119804484	
-0.15128765059782334	-0.35711087087647697	0.5598663901859605	0.3433302656837337	-0.1287232493248632	
-0.023076337344760983	-0.132083772021537	-0.27488234508797427	0.3714287733278813	0.20332717358840066	
-0.32183546808507363	0.7231512371850197	-0.29374239661913915	-0.36027788462519283	0.18668667626910826	
-0.07491131005594942	-0.01953693457736724	-0.5399228608842815	-0.6191191275803072	0.20163343393580296	
0.11475594158175977	-0.15033963410185414	-0.13801981717373718	-0.2527042829071579	-0.29099293503975254	
0.11921119257378367	0.262228479752595	0.18373321459609998	-0.09175564620312722	0.10231296795441883	
-0.2246981324983734	0.4422770115233172	0.5932887113781813	0.7719408083391598	0.15758522204491784	
-0.028269235767618563	0.057405664926818964	0.2133107641413462	-0.04284214492687006	0.2142657137026757	
0.05253624789656758	-0.19200542991324657	0.11237499645591338	0.08007567738575613	0.23548288451236485	
-1.181357846617298	-0.25599171317392194	0.4224986579941939	-0.16747458909579177	0.5618312538724078	
-0.31345516513070626	0.7239563990106392	-0.6658146067504751	-0.07412255526651083	0.5365501358310273	
0.22151198886745185	0.38442362250299505	0.2645239639656411	0.5521069328840792	0.4407962515830065	
0.0679769009423712	0.0034697713277139133	-0.2894021290646964	-0.2095623928659526	0.33535435667501234	
-0.20142554487442643	-0.023487252209022088	-0.8347592332193868	-0.5743632836199284	0.6079587769767151	
-0.22233327918370846	0.2558142209968967	-0.5087797383433316	0.14751160487310552	0.33168912247820725	
0.4597541774916727	0.42692753682502665	-0.750307150140289	0.5197893484196799	-0.3948263631764558	
0.15594441678837656	0.3385625139051908	-0.40856009445080105	0.3639740714899805	0.17144297055340602	
-0.07897053165988804	0.28514505993736355	-0.5663921528095747	0.24993761939392747	0.30274777956888804	
0.6474511685322542	0.5930264705538432	-0.15860483983163354	-0.04519582192906582	-0.35845475804397525	
-0.08399792954408843	-0.5657023551373683	0.27718134597185823	0.05490483528836696	-0.09204822512292649	
0.6169599278451587	-0.296771271639191	0.24368156317339004	-0.6070833454915744	-0.3788540189319632	
-0.13781416108921177	-0.14681369893780527	-0.35086530126099896	-0.13226119734300001	-0.4968449115531023	
-0.1567841093263603	0.15894042238427392	-0.34304577592048247	-0.1547059343691009	-0.3751969103521264	
0.10638029372488571	-0.09269870839329121	0.6909405659484605	0.043742207428896784	0.19875841881798112	
-0.190773095249886	-0.3380217612586936	0.5623988960988164	-0.5950253368065488	0.14899910707865102	
0.021983776149308555	-0.45357903936526234	0.3169794654473199	0.9256628232661448	0.25965196840550825	
-0.3861182859852632	0.5014609719673224	0.684321565122158	0.26280426667924484	0.10498675927830964	
-0.005385989619414265	0.22232657328476008	0.3459001281944529	0.4168862218099187	-0.028473420042185636	
0.22942849610868202	-0.24413425479031242	0.1841789283855329	0.029298386712296322	-0.07581469566795687	
-0.2428324582542986	-0.31226186594332656	0.2533543649196672	0.15873338542630255	-0.12477912261429533	
0.21937452195054763	-0.8619848248404726	-0.7963943608249185	-0.023559646824804496	0.46352305075257766	
0.3064896164552049	0.23974950095609193	0.5964194684855706	0.06760176300711121	-0.21698194369843926	
-0.33652050534536443	0.19856207715293944	-0.4427300328010584	0.10025155758470411	-0.31037341392460144	
-0.5694877878077804	0.4983935854397277	0.32696308536178414	-0.11790947653163027	0.30811588841965953	
0.5252163734137493	-0.049049533580390256	-0.4972989780367417	-0.029027124471822353	-0.4227768105084141	
0.0870036709279091	0.04159327029287254	0.23800511459558066	-0.2797821140018313	-0.564698923320696	
0.5687680407161039	0.14974259399075487	-0.45545309092911085	0.5782026938631142	-0.041193802180246514	
-0.30290141322099934	0.8868756365003229	-1.0367787197203202	-0.949868377422259	0.041014841916330085	
-0.18218015108804453	-0.14947916963121016	0.39528051769262995	0.7933356867154391	0.31596314565168	
0.19798942388788177	-0.030736792505326477	-0.48907858588636316	0.28657224973522455	0.27352965325900425	
0.2575671532846597	0.34414736789300104	0.3826102001118436	-0.371927147081347	-0.12303755001632549	
0.7923089318958407	-0.09247152044237311	-0.13217163480553717	0.44433271297487054	-0.07671346948579602	
-0.0739662788544472	0.314782287397135	-0.2929230071821099	-0.26602600407868054	-0.00539185201752923	
0.21957137523626605	0.22080581705793445	-0.030628323782798943	0.3008522966507204	0.20185161053015224	
0.2105315617685928	0.04146351965672742	-0.013825548473905052	0.12269900304658561	-0.0036305095769857383	
0.14793632654279248	0.09950620359771137	0.06415885623002918	0.02255787526745518	0.0015600028212084777	
-0.015252711327496175	-0.44786901946698154	0.11215650652958138	-0.14109219478258767	-0.1054035608839312	
0.6889331548591487	-0.6432503077417542	-0.6778233667453695	-0.1554165976487949	0.3021928405886156	
-0.0495958597223313	-0.23188894558946024	0.15619258483262885	-0.07946573803719288	0.030535998614939237	
-0.27909314363945353	0.4359501177094965	0.37478985533848763	0.17580527643223817	0.4247369019833032	
0.2938188009611789	-0.2524801245376688	0.15646212610569862	0.2655273701199355	0.1855774723845245	
0.39167494827942906	-0.12858122030436883	0.48089748146107547	0.24065124781437516	0.27108413025739986	
0.4896198758875493	-0.3085525057246791	0.4576146136941816	0.5401494098867251	0.020853982824060625	
0.08377226541381178	0.42216840054648963	0.46308246440722906	-0.37058218437927126	-1.0220438702119137	
0.1210969072281147	-0.3183467805870672	0.6727109252674319	0.20679872810778194	3.9976025442001287E-4	
0.5418989993808985	0.8385375892049249	-0.27956959549680244	-0.060710451807319876	0.38580636135290647	
0.04715884905913425	0.14655816400612506	0.24049991696527426	-0.16332551763774145	0.48579719795545384	
-0.01638421944785555	0.440680748443258	-0.18002670757431893	0.16330432423487423	-0.23432012283916315	
0.16775084055691936	0.18594912863850616	0.25750575249513874	-0.26537479324797403	0.12466989089094452	
0.2939971180190488	-0.17075456391325217	-0.7928703781102161	0.35844284525472725	-0.253344626945756	
-0.6838499855634007	0.5399641716430246	-0.07100937928690776	-0.8950240369962232	-0.1837384977396481	
-0.2512716570544444	0.18460329873199283	-0.7008548563308509	-0.09854384001786605	-0.2353031745753326	
-0.004514651709494447	-0.22428820826027077	0.3189660437616399	0.4038957517543121	-0.062097427834709104	
-0.03338467563700722	-0.010042825562090006	0.4594050752791827	0.07866500109009343	-0.21213404935099406	
0.13927142662975986	-0.16200214726045814	0.029343561114104164	-0.34208414571116497	-0.3170345480037095	
0.27033438738893184	-0.09624960937559873	-0.08575494136161389	0.27911736328620296	-0.08232776066190461	
0.03147576099567376	-0.020107929921717425	-0.0038816576516548405	-0.38593794765375833	-0.029033178565619957	
-0.054352897779316026	0.18926299187509849	-0.1527609685394696	0.06209363446389446	-0.2781302201200643	
-0.28350559495235894	-0.5145911603505509	0.5313244564843499	-0.07460325866398164	-0.3792388707605441	
-0.18875713082513898	0.05471513273347689	-0.625648279728822	-0.364736272675288	0.09517486826274309	
0.43828205050301705	0.11309519605957948	-0.00937097736313745	-0.013812801843285065	-0.6407564204415775	
-0.340599384599021	0.18144209351606605	-0.1473268158058788	-0.05195217673393809	0.21048959699342626	
0.029246372048329736	-0.3425839981563575	-0.2677252470116195	-0.11897170661486157	0.22907056425926153	
-0.03169568307603087	0.30182961715245793	-0.20146584348230206	-0.044130521062378296	0.23736870901421955	
-0.4755292820309036	-0.7037141460788408	-0.6155179853409015	0.24239462254722202	0.597548055929193	
-0.13272680109216017	0.1140519483701616	-0.20240278388216704	0.14018052826444757	0.38902571690076815	
0.07008791000256943	-0.4829628104814348	0.1936314368558041	-0.2774134037738441	-0.45583498592344723	
-0.7278605793499289	0.30486179724296014	-0.39476820162876813	-0.3511467299711715	0.09286393503721783	
0.27265514343239017	0.4853774120128167	-0.6298990944477858	0.2402057002834873	0.012144261679307659	
-0.048634308327802744	-0.07466700138546073	-0.13110698727170084	0.17266811610998722	0.15377577655176933	
-0.20309507790931078	0.06037370217604021	-0.37087360550048776	-0.23925768183137863	0.08409488543667547	
-0.24438280679109609	-0.19963158789966082	0.7912530270955733	0.5121160297855251	-0.1744057885012095	
-0.3843834044284646	0.6326597455800321	0.5256396656247898	-0.16965656150081057	-0.08098141724285018	
0.6204331052841681	0.1972928963735121	0.07935440012847574	0.08651322664563967	0.24162994233312513	
0.1847965570976641	0.08551482112494181	-0.3143741433842332	0.20756031316489704	0.07731546959871212	
0.47832508580541955	0.7231925942949301	-0.2070023985887458	0.8349948903126854	-0.7083218877278709	
-0.30789373595097586	0.10208339280170228	-0.028467043904051054	-0.9741876477611117	-0.28653334052831514	
-0.03652174510278106	-0.6913411611044092	0.12854813312853308	-0.13842596268238108	-0.30059853616273874	
0.7888800739853591	1.0711919609219818	-0.4570062960843004	-0.07274587924678093	-0.195430527476824	
-0.41215144458773095	0.2369466464237495	-0.5030195276101254	0.23910505230091997	-0.6356038075249225	
-0.2521766836351715	-0.28596093046229726	0.2345467365078534	-0.028854793128672545	-0.29269268570440216	
0.1223432771415664	0.12577859438652034	0.645274474919287	0.4538929766621982	0.12762676571827483	
0.45187665086990353	-0.47451061310526665	0.10584629266661803	0.3083583918227883	0.6581377798005252	
-0.06327437191671013	-1.281764584579679	0.1101026226770857	-0.1667936262435213	0.033416624276140686	
0.260381277362573	-0.34350574416796714	-0.5223850221512328	0.1557701734263971	-0.3351530469670455	
0.25176722850653316	-0.2753224588581093	0.22833221682319094	0.02075108060852035	-0.3413371102011152	
0.12429520800192492	-0.18458876811276972	-0.18607221290776998	-0.4298807507125299	-1.3365105748794677	
0.1852326627209278	-0.07865155005890445	0.4134867174963122	0.23650577393766814	-0.6159556434002295	
0.20479785370738637	-0.12217370117937651	0.3528002490925942	0.31648031842628477	0.01484805325461245	
0.2214982140204075	0.3102012094230634	-0.5046700292035808	-0.1430326720884248	0.043013896068188534	
0.6993963520423137	0.034500933256947426	1.1756415159182716	0.18273353442694765	0.3275714498324399	
0.12641288869596234	0.0021142856875246054	0.16155878381567884	0.06353170710004535	-0.11566522486038107	
0.9994377942592987	0.42948392194248747	-0.5289022394797406	0.3900381298016382	0.06392117855707861	
-0.10225934685924859	0.046429852857704554	-0.9192103370689328	-0.5751643432870799	-0.8066437946317027	
0.6282715299367253	-0.6039203430204754	0.8381985413048894	-1.311467765764536	0.410019546550882	
-0.020695837019184725	0.053229371427279085	0.14423236120647231	0.5248102470468382	0.05843261701313261	
-0.5060789532668898	0.08230073202937734	-0.13131179130119572	-0.3350319834847134	0.41828935768042785	
-0.15726747924702933	-0.018264456178037018	-0.17936164300008428	-0.43437173581980076	0.517421424134576	
-0.2868108175207611	0.2706119953708827	-0.01677088135534562	-0.1965988109941814	0.40055469405344496	
-0.839888224077856	0.27570858846903007	-0.4404613598485157	0.26232062775045073	0.9196225057270215	
-0.07618626715920254	-0.3581561558747482	-0.27936206332981606	0.9174105542430998	-0.8606699116676816	
0.23470958485268084	0.8483756541593606	-0.3008275958523865	0.30775345161689294	0.29504873510393936	
-0.09178826302289779	-0.33367026759910945	-0.1090811593615348	-0.4271504960294403	0.3304921408830606	
0.3205076181408441	-0.14050456041812598	-0.13447247316816288	-0.20219191733192535	0.017438455048817716	
0.05747588743602809	-0.29889907334298305	0.2925170801135838	0.17555255923482233	-0.4444301785141537	
0.3706723442584077	0.3928287452434388	-0.9437916868564326	0.15370406814096715	-0.30425355425620937	
-0.17189490632522902	-0.023897968485405582	-0.013624968558774484	0.2035601701823519	0.24584988438630828	
0.10811821248572463	-0.08548540143528721	-0.04326678022531274	-0.16395964854866402	-0.0877453955147615	
0.2844298989611777	-0.14953734884797115	0.657724625593223	-0.14141964576086516	0.09099056269220407	
0.3395942191098994	0.058699160028254004	0.006366653803236939	0.0675343284092276	0.18871950495847342	
-0.00772719193076411	-0.289688749517318	0.47321995816321916	0.36828826616405436	0.12076404709043773	
0.7246011520133692	0.05104243597470465	-0.345388318850943	-0.48615477841525917	-0.2519782944609076	
-0.6509089741573192	0.4761940466196371	-0.12623630258155416	0.4123844600646848	0.3092696580382717	
0.08817556864026815	0.04261842059480163	-0.5298554898660539	0.18123659493744299	-0.3125258487718541	
0.161897631956909	0.1660886411209084	-0.6402595274811995	0.11157781753417362	-0.19264848413283245	
-0.3506041540676303	-0.008456491218469036	-0.9475576112805284	0.2901922389739941	0.12889978553319906	
-0.5101336438814988	0.3077131464594359	0.4434674685806243	-0.18283771176865574	0.1501515078467392	
0.09430300584697711	0.17475576547586114	-0.21379123847273995	0.44934319356843744	0.10598441070512248	
-0.5430137345016527	-0.035557677409324716	0.0423599659756996	-0.11543543294662635	0.5813343495166094	
-0.014549161229303189	-0.0038429938919860955	0.24246228114447155	-0.19231588074831354	-0.17007756677847424	
0.08861883658815528	0.15327397174336346	-0.68157359271553	0.2171005559811138	-0.0654392865745375	
-0.676801191858171	0.22386084536279688	0.5968747008917018	-0.30537333719586457	0.07446940370655074	
-0.16746057055584	0.3784857016614389	-0.1411005142238921	-0.14923004550702143	0.20975183481576376	
0.0739811707602981	0.11274333752547447	-0.17211828577517316	0.30338483822918616	-0.1287121714784476	
0.21150290464687088	0.39153094186475257	0.8739677632766598	0.3033339468673928	0.6829184672773994	
0.39052056700282983	0.22856677045430046	0.40208627489719856	0.0685801811285348	0.07356902271559335	
-0.10602690094081493	-0.13337128049247046	0.8141810140397427	-0.8371636201129985	0.11818397300445345	
0.08526467956792752	0.03712685700329707	-0.4736673937804573	-0.09536436199823342	0.3333899105802778	
0.15081789267424556	0.1025785422470765	0.0016818863684564252	-0.10325991198845824	-0.3581328360986687	
0.2802209822483961	0.1770800014160067	-0.2800314259706983	0.23208216522252773	0.034804213477241955	
0.023681421574447293	0.18942069819925328	0.7783530517028864	0.08594948176027843	-0.1449677869698875	
0.4292647682732697	-0.13769248139767679	0.09579042626993922	1.0042194194065774	-0.4208817263990155	
0.18399227174881022	-0.030387794364071432	0.1313078632544423	0.030190773765183393	0.2563111105551982	
-0.19060119923118068	0.029010435779520564	0.6040907281431583	0.05139799652871268	0.037010580193573346	
0.4499507118253143	0.4553998962114857	-0.823371519209089	-0.12364191455263684	-0.07937364778723031	
0.37582352558957316	-0.7134544085632115	0.6091999382614648	-0.21651733189116887	-0.05981810405222742	
0.38105506087951285	0.12568742909799693	-0.14886687862849712	0.19433850119768373	0.22187753021483622	
0.05427750998417065	-0.2178584018058243	0.8778105327681918	0.982362148948424	0.08512858249561989	
0.22592053588389918	0.6806412208084935	-0.00920110423206669	0.01473946877003948	-0.28314688531725857	
-0.27326138355863516	0.30609134469291216	-0.3776042482366619	-0.31352255089193254	-0.08305861767974346	
0.3947004613220098	0.2693173558972067	-0.41669094943917395	-0.05302409316745331	-0.09680911730990135	
-0.04222792605964617	0.1434978979278448	-0.20237058964951946	0.15283390761244123	-0.036113036946032843	
-0.1693417773674057	-0.04885387776858167	0.27170216767323835	-0.12808297879089586	-0.0037797131399011905	
-0.06470525072628211	0.18535135829685687	0.14271344419369722	-0.0870056670713243	0.012184824932872986	
-0.6094883448518463	0.11882330841549446	-0.02683577473688483	-0.3486329934549446	-0.328294872138336	
-0.18277031332829155	0.13479392947952737	-0.4290069732422334	-0.7087150070601331	0.24122861169849427	
0.19837147324145296	-0.031328701053502425	0.11537143973565253	0.015093228194796785	0.06968803816760141	
0.19061351477985963	0.021232483683848304	0.051279432104135665	-0.20079516128893465	0.5619289541350944	
-0.13216808495002802	0.09807275826194134	0.44169743794937166	0.0980899459335072	0.2537382297192831	
0.041380039572126354	1.4144301243169703	0.3010786000406158	0.043649193144889104	0.1427365010276852	
0.06656485484178998	-0.007333183135526541	0.4149717584410479	0.08327148149018804	0.027006860978972366	
0.21319633753755277	0.015097845800094201	-0.020346137192337636	-0.7235250563182761	0.573538830915805	
-0.12342104471593206	-0.3117538350090423	0.5737108637605703	-0.559279785859648	0.1056810029452672	
0.19391454174690148	0.2775507092608515	-0.7799497467089543	-0.25894539549317913	0.0061889904596926	
-0.21319861072235216	-0.6269713029954266	0.07936585084775918	0.0822502826519053	0.20395688569399376	
0.1563032411878744	-0.08875521055485941	-0.23221713247750633	-0.14195369136506134	-0.06393278468684596	
-0.1723743209438497	0.09968524847558441	-0.10848181113894115	0.4667535007703226	-0.19159132302587314	
0.23100123074520207	-0.2259327427384207	0.18876354368876908	-0.23793168436305945	-0.3864717906095787	
0.09840465065383935	0.04620818714001193	0.39099315594257655	0.3535650599779814	-0.1720622130814006	
-0.19631379586315933	-0.008171159270712092	-0.7312352487274194	0.5539612012948171	0.5643622430201573	
0.10978837012619941	0.8999666407978935	0.25852217704175773	0.21431797034846758	0.7347525909188782	
-0.2189754711286804	0.3887071672911221	0.1374365337449632	-1.048354365396563	0.31735019870866454	
0.19319007777675598	-0.14099965820127813	-0.09794083447837668	-0.20809263088223467	0.08938722005783496	
0.3244862787321806	0.04768475269401751	0.3327735254493068	0.5370119625108967	0.13800244556720506	
-0.06060855120095128	0.07198741376431342	-0.4012211067841871	0.05563187677410816	0.059170105483915346	
-0.2866869314887782	-0.21310810295377272	0.07052443049482834	-0.08731387990398401	0.5250424499347579	
0.10710627908168133	0.0812638410837128	0.13568512921085546	0.026062860925469562	0.060021017394252876	
1.357353446294507	0.03372602553607889	0.14362507037010003	0.057385442879787224	0.7346583039703397	
-0.11765304434103305	0.015128462803827455	0.2153240661072492	0.03448373148328289	-0.31040472475873915	
-2.007922072548496E-4	0.33429895046231234	-0.5583730424470487	0.18357057406547744	-0.20088376864706056	
-0.16972060702921699	-0.21588109970772537	-0.35748864452111656	0.27654897733751926	-0.1433416662613209	
0.35395482793517746	-0.25036175673826355	0.6656299017684453	0.556654436373159	-0.24560233151819785	
-0.019336180020894704	0.27304535552065445	-0.6636692409383326	-0.31312144665440134	-0.46391079953166425	
-0.15476446002699254	-0.09795061438935189	1.245770310892416	-0.010192567254001016	0.3578646576066668	
0.05801207246640239	0.30853371855070905	-0.10676712659968052	0.32284758541467024	-0.17757801032557283	
-0.5861879674659661	-0.2298943201423126	-0.3166772622273116	-0.5538159173209224	-0.5387277175496824	
-0.4699697177318585	0.7519610664891759	-0.07438769850514483	-0.08779733283884389	-0.4214952786616239	
0.10132718064609876	-0.02398040210759192	0.11638451691330827	0.07973157547847826	0.04219104011310216	
0.18478513800053412	-0.7064489471208532	0.2649824516492335	0.890591789483143	0.44184134515028045	
0.06096328423872267	-0.1301245612458877	0.5588415833173472	0.08028482801884795	-0.031981574641237714	
0.08154972455386324	0.3797172399649067	0.8379382485700607	0.26812950464189106	0.1545869862841225	
-0.17667103242551	-0.6320133901657118	0.36029610776938525	0.32282118980216146	-0.1307374499050912	
-0.22484725268255557	0.32250977613625226	-0.6572896872331384	0.13462498890166658	0.22399375014927692	
-0.29925267254755583	-0.6500389821174941	0.7308077159056395	0.40709915881854514	0.0798100097326778	
0.6550280330170318	0.3666334056352932	0.3457142640933257	-0.39914159345957095	0.13828342880631425	
-0.05429448252910683	0.2701749032283039	0.39702424913713164	-0.24697369388539064	0.23091136341423116	
0.20203946913317794	-0.4290668081036192	0.3499736798391482	-0.3774891708428315	-0.049894182689371104	
-0.2680155527636896	0.3632067283380567	0.35702591938049477	0.09348838894799891	0.13376893088149946	
-0.41666346520767916	1.2763970011837724	0.5107699685304227	-0.4409782859476382	0.49661824231199825	
0.9785747343475127	0.32276183699541566	0.2278011504212419	-0.2705176105436732	-0.483116345532005	
0.129417203892136	-0.26046797544296185	0.38176959755375034	-0.014528558490486704	-0.10743805610892056	
0.12555004347112778	-0.02190596273793066	-0.2964109276591469	-0.11528766422577605	-0.08404740556315261	
0.2107600527713061	0.22876125752153523	0.4533490219011674	-0.19407915135533912	0.25541102160722506	
0.11185989638825118	0.685703171240328	-0.2431987405365535	0.28432690930966953	0.16699536068355522	
-0.05297224567025889	-0.22206509217825088	-0.23458990757898998	0.19195396614343466	0.21522343433585703	
-0.18405656600565987	-0.13995346938897518	-0.19145236595822981	0.2775645353765852	0.03769771255723808	
-0.10881290885588948	1.1797334050146115	-0.4480749050122875	-0.35544200440086177	-0.549516884973628	
0.33472551930295763	0.018076051506653118	4.365646942540128E-4	-0.1327088132791588	-0.2359056592151068	
0.3859023215788461	0.902700241615452	0.6695141365229358	0.301516344460523	-0.3894156302495027	
0.19627613482567086	0.41403108822150236	-0.07747633637719824	-0.3692842843361771	-0.17331371328641518	
-0.047986828787864234	0.14988507388358238	-0.19260476313087	-0.22106509100050906	-0.2257991875252486	
0.2029445697179525	-0.06380758213502277	0.49420048822504187	-0.2916456990030472	-0.49225294407966497	
-0.11167815923594045	0.038967999953292594	-0.8479671977443966	-0.16322180261284117	0.446768679513597	
-0.875358090080336	0.46384628325467026	-0.9401181283873641	0.23274629048615753	0.10442040462867691	
-0.1308768149670626	-0.6994412603216806	-0.005151026974886046	-1.4376296277335496	-0.35206910670720293	
0.09746948103897496	0.3686954895394273	-0.1466769707838052	0.36645173077381044	0.11504224777775499	
0.07566067698471068	0.34263244744851046	-0.19039415003465884	-0.023249450673661243	-0.10915783299821778	
-0.3315013088501444	0.3855316984645822	-0.5831876168576744	0.3486896077513655	0.49330429097978096	
-0.03342855970102261	0.5078354461302832	-0.6836473472635035	0.3772891979334308	0.3517189486446217	
0.35773983039109275	-0.517145932800405	0.12113201345525013	-0.23656648635193273	1.163878375483808	
-0.6913653791723882	-0.09221415693325508	0.2132313726835092	0.5846400775697806	-0.4169365183276695	
-0.14945318514644892	-0.4054809306680746	0.4683409426665087	0.20584717687579937	0.06040291017011814	
0.10185694449051762	-0.07012780159103345	-0.18020085025117658	-0.07309075620194196	0.1277688538509126	
0.3238678725420709	-0.27911652394338404	0.07109966789920368	-0.3550732078754999	0.02661011709795649	
0.37502329374194404	0.2015433759137542	-0.5172801076091859	0.07719250053551428	0.0037985385712400424	
-0.31950775524333613	0.141223063711619	-0.3238843483520716	-0.07256824223077907	-0.09421421212201521	
-0.12040744797865109	0.30308830893392097	-0.602081487285247	0.19730895221196687	0.09644742610690624	
-0.27116021511744715	0.05380179214975232	-0.5449577228262108	-0.9533461082923564	-0.9589218597322089	
-0.6494311983227133	-0.21402252164593716	-0.6412706804871996	0.31617906657487366	-0.45572451741064335	
-0.04469966304821221	-0.3768190723427657	0.1270524504868212	-0.184602201927576	-0.13982583891596623	
0.053020241506231476	-0.1973501345821613	0.21130002858033617	-0.06197426661418804	-0.16790958093260672	
0.3858975191973397	-0.5605829335301004	0.3302834737108981	-0.12739602090607596	0.15879557255053778	
0.3446235735086475	0.6327593450161884	-0.3950633908919785	-0.20772291730071418	0.686112399831747	
-0.1518185114134739	-0.06477210169952317	0.36948492581122266	-0.11764902166722489	0.13979749097789776	
-0.18125578972983553	0.28783052717134655	-0.3231526381549877	-3.587952743082158E-4	0.1039592379940747	
-0.5515924747388962	0.35604827270220324	0.009631182027229611	-0.08262777102935533	0.1310028163369595	
-0.3364767637659695	-0.21013371800412448	0.14854167872206284	0.23794541890068863	-0.6917399518502143	
-0.18602472983190269	0.07053063062596637	-0.5866995958168806	0.8332606891797342	0.2872494709956765	
-0.49465032314728064	-0.1900149469648878	-0.9658365344505476	0.36220662028809625	-0.5022905407541384	
-0.3620357875516889	1.1128412633715519	-0.47348930414746015	0.5041960697802258	-0.26477147991642125	
-0.21820052030239703	0.6584508428700148	0.2431017809997817	0.45256516891938736	0.17748787108113373	
0.001738477367096505	-0.1409696743375403	0.35769099133452303	0.037510863407039775	0.2441240582176772	
-0.27363659603559054	0.14070990343210274	0.19864383920003015	-0.1276750612106699	-0.09510780702697008	
0.4834579476282926	-0.6145594989115664	0.2936441165007721	-0.05689194265504896	-0.10636064205369135	
-0.1418569654682194	0.2885699283784169	0.052106601791031056	-0.08767118163575423	-0.19240595207970412	
-0.28255452966786504	-0.14998497827371088	0.4806036067658028	-0.1320507509958098	0.1569081707523788	
0.3908886153963448	-0.3522173954664776	0.16231074284045754	-0.25952193848251426	0.2981672227092857	
0.2444767381855371	-0.30380613759716896	-0.2063944441499864	0.18236883352986677	-0.2140401987388541	
0.09819995230330904	-0.0038492013665947476	0.12432863120622535	-0.03280989199547666	-0.1499630192585145	
0.14308259634627948	-0.11494181111933097	-0.062031156963160465	-0.04244818510256507	-0.15738579063316627	
0.5801772624051178	-0.1841275985937325	0.18580626773234812	0.17911200547404255	0.28840303845367765	
-0.5479613972815535	0.9637826384364436	-0.4667295240944314	-0.723134938595616	-0.9297382477550916	
0.29187608498390877	-0.42386820098449024	0.6430330788732028	0.2873789486361993	0.7775047766075556	
-0.22479729771842868	0.06081815093344255	-0.4961589650867083	-0.293370434162323	0.24731590407788573	
0.111653550742643	-0.21987052175397526	0.4041557512624192	-0.12984161905186942	0.003702047169010737	
0.7125838040661339	0.24086146609445688	0.127274080813032	0.46734145768356955	-0.1634893474188777	
0.17358872372936485	-0.0034200516818583666	0.5207457472747093	-0.06311396331084583	-0.4709709001295234	
0.04871647951659176	-0.044987430916529236	0.1757073402987829	-0.23804139766362567	0.3237364726066285	
0.011645938915869906	0.4498920634759817	0.6098330113149604	-0.46735108343889026	-0.27005235862886345	
0.10767227814917518	0.4997962137196183	0.1417753328524049	-0.16891914683443005	0.21315177387730116	
0.9086303014387536	1.3664842663123873	0.07245644527516343	-0.8659913255934325	0.18464478933689457	
-0.3046178204661147	0.6109381529405565	-0.3247788266011384	0.6171420271473792	0.4134880209506215	
0.047791654533589	-0.22960973691220177	-0.33220161681917776	-0.06940509963655318	0.06023875102069229	
-0.1947122021789617	-0.14842535054446765	0.22341426770984726	0.024820555163458716	0.0916045187879645	
-0.10513649277017026	0.17917760435647498	-0.17362283217832386	-0.42455109402143587	0.4467127863534741	
-0.11394911683782295	-0.23994138976039464	-0.028890799381227874	-0.13235907823362003	0.30313624901808606	
-0.13816112610772416	1.0189753432909439	0.10912727614318411	-0.39890539235843503	1.0242882072819561	
-0.19147712710896372	0.15079507855574426	-0.3576147981315401	0.07848634555747429	0.29575296251991434	
-0.5311725321479168	0.06932220089210976	-0.330289494089209	-0.11463487788077116	0.09156164935364018	
9.648767897953059E-4	-0.4576072142584231	0.14022019758443893	-0.27609307503615066	-0.05515264228418261	
0.06184260104792223	-0.1610666279157038	-0.717873937633938	0.017801794877990478	0.5175775617795084	
-0.09411242558121805	-0.5159887766894861	-0.02762096622395438	-0.22139040967217924	0.026660505177665248	
0.17755856563253383	0.21524953419963752	0.02115684190074261	0.459760623820005	-0.4551621314259839	
-0.023324795053291686	-0.14084956365965007	-0.024991935186360857	0.3362659311826121	0.41195284608791327	
0.6977952315545098	-0.19235467330453457	-0.557851401517486	0.15896593134251055	-0.12214788067485771	
0.3782435694942209	-0.14458158728690967	-0.12045499946239856	-0.14498830197303206	0.43560337888206396	
-0.0032884790355290085	-0.3669618923693998	0.054570615117419015	0.6237764397103418	-0.10106950501190763	
-0.5611681848322507	-0.48536429853848795	0.5253317147832129	-0.5688604441286417	0.3335459081361083	
0.14248098843669443	-0.1309133935111625	0.030019675157927358	0.0438423162080121	-0.10587715527588783	
0.3702137564640993	-0.17921431898403933	0.6377120593483508	0.48920146938005715	-0.048974152569231134	
0.13289073594445835	-0.05319508874716855	-0.0039149634242400255	-0.17134272154909064	0.1312178783754131	
0.21767686413804233	-0.1280388639968587	0.6106394020182114	-0.5156733615709346	0.02490610982113535	
0.2717522662189441	0.33030208755415813	0.23082676465634902	-0.10342673010140321	0.1572987101895612	
-0.11423545220695279	-0.09394809184365775	0.021088470778724853	-0.1630433322180715	-0.01565753383872257	
-0.46046609228155283	0.4113685678564432	-0.04916541853073557	-0.20631872708182009	0.1828649465832783	
-0.1008425256052128	-0.02124665334000711	0.1723819887252085	0.1425664173939003	-0.16815630999985115	
0.16989989597473135	0.6826537635739107	-0.16197938086956537	-0.013448038909628032	0.01580576399400311	
0.007106633592734892	-0.0883522036189815	-0.7082424868405774	0.06709278194531859	0.28751228728641526	
0.0960070311540196	0.4059823574206966	0.12213776727626194	-0.2810829960131861	0.4336802089253813	
-0.7865857613585303	-0.17916354950046876	-0.9656903370448883	-0.5222147536293591	-0.3373232063919387	
0.24295741424816175	-0.4192117008715241	0.010368683688670813	0.16267693826210478	-0.2612676325123725	
0.6451308303151485	-1.1311127985610756	-0.36939586931554097	-0.20668658624433392	0.24351846154212148	
-0.07306265716001369	-0.2665777798926113	-0.33898583326396486	-0.43491709175230053	0.1524855414197771	
0.24634771387122287	0.1869112356466054	-0.19089353514723484	-0.05112649068616587	-0.24625874125833574	
-0.5580465846886327	0.3070636195107001	-0.7132229140829297	-0.14654166301256943	-0.134566126653176	
-0.24937857231694027	0.454016002396576	-0.11491860966114412	-0.20808738199848487	0.40617969902952084	
-0.4858892950364559	0.43275927598556113	-0.8562419814060991	-0.18319167587449628	-0.07729960789049078	
0.0648479978277974	0.5196489468000528	-0.3854715929362934	0.011680908779940219	0.28235862856916294	
-0.27200052658807866	-0.14805850345434288	0.5557613872225814	-0.17391273878757185	0.310239508913062	
0.2537610650170046	-0.241076681325123	-0.15918568621143267	0.10490343584275531	0.38090072279220216	
-0.371485741758097	-0.3813901620274837	-0.32429180124696577	-0.2048194114884273	-0.07268143260803613	
-0.3159690819675964	-0.4620371448620396	0.5832731729032787	0.1930735423851263	-0.20429110736409964	
0.20391564745910548	0.28301453848479113	0.6023721143488089	0.0021620081992326473	0.42948681502903363	
0.16286864743664672	0.3541819432997738	-0.19537249718208471	-0.0058679199619915525	-0.07787417301508773	
-0.08991357583306447	0.8413091415324007	-0.047422641563254424	0.5623331944858172	0.3472527916953057	
-0.11383263542846024	-0.08997544599936926	-0.18848368962705644	0.1493566279590071	0.49057848896315775	
0.7212781707254907	0.8246185183535002	0.8748301613570069	0.6890601491354146	0.0654787989528966	
0.3351599505381522	0.16585880975031064	0.4490569273206907	-0.03125454923804446	0.007792238976245941	
0.11609707290825227	-0.06244506500761811	-0.3448502614296747	-0.20263058920467483	0.02855474036665512	
0.8958225861054894	-0.08561634892427746	-0.6659592716629902	0.06668815555634552	-0.07921408341184594	
-0.17230687117167107	0.20306896419780254	0.13964265257750583	0.236738959383035	-0.21658859999614655	
0.7625235322164271	0.42716628533230666	-0.0272145791197952	0.5645423037926401	0.42296697522875565	
-0.11292223182367146	-0.2722139630270066	0.22452301474075786	-0.07743696048348368	0.10825457310515128	
-0.2555078574624342	-0.02154834087456261	-0.5908501650161339	-0.44610862341016644	-0.28702361372275564	
-0.20585729981283724	0.39666020458159346	-0.29654010588282065	-0.1490336073207574	0.04312477400499228	
-0.4241851015303753	0.3579590639109512	-0.2720279483679274	0.018606050105380124	-0.2621406192516733	
-0.13733355645802187	0.5617443256557944	0.03296301412572797	0.4291310140923945	0.17134758730445193	
-0.359343442076033	0.24598129688099815	0.06913020505160203	-0.14840132469244993	0.021405117448911964	
0.10787633100535386	0.352420865976222	0.43609564995983496	0.24309457945591487	-0.06274826313735077	
0.3640922356241001	0.04731550258112086	0.1933351917450868	-0.3185621049662884	-0.08339980981134712	
0.21523913210348625	0.2648294125280717	-0.11044618005025116	-0.42842231652294904	-0.35542255186656235	
-0.1052293904635959	0.40002248374626376	-0.770527045311107	0.3368496318180665	0.47870556386018637	
-0.35334246808412806	-0.46419892258700685	-0.15722867926451753	0.5108691865929397	-0.2802515385206032	
-0.6668123915346382	-0.2827633057141186	0.4142768117920638	0.17066898994071364	-0.28835016945726405	
-0.6401786204700779	-0.41942648831366247	-0.16607379959207644	0.5712414759256551	-0.26528371695389846	
0.04660242512387929	-0.07913213363517467	0.08226847960123748	-0.10118864513935284	0.5341271714040219	
-0.10183343774294862	0.0028154581116077615	0.19965326226003138	-0.12501054483193297	0.6017705036641888	
-0.152019197184862	-0.06682589645376924	-0.11175325736708304	-0.6078061120232519	0.2657259911150092	
-0.014414472979334366	0.3781939975909592	0.13463071414241934	0.2000112764930743	0.1372786611855233	
0.5198127865293	-0.03955449917347173	0.21836004787702373	0.07497790948220212	0.26590308268222307	
-0.21947259617009154	-0.16606442874672586	0.6135405095107397	-0.2206500513357207	0.3341714378334098	
0.10521181285408941	0.3903465837443404	0.5339469846695949	0.07705801378030074	0.20686808784461733	
-0.30560100734623374	0.1272619747787671	-0.11958363265121612	-0.39178048362655016	-0.14394409352059584	
0.44445902963671263	-0.38703299759515136	0.15008976358087073	-0.282848190590157	0.1612969700302401	
0.3817839634903334	-0.07745966645335035	0.4440750703404727	0.4228376050636022	0.6645083230282259	
0.013114429745819547	-0.19747537293479622	0.47526498432387965	-0.09473185714309815	-0.7387649083153166	
0.6547604675969524	0.44327385271054914	-0.07035103210766458	0.7089499055963706	0.877113823050552	
-0.6662518233966627	0.7329590670040267	-0.34636774836449175	-0.2649635560945082	0.3594308251234811	
0.22160675479664418	-0.305453306503057	-0.23982360259064203	-0.0014594231357708922	-0.3560828342590564	
-0.2522267550058258	-0.4909327661139428	0.03691252271220454	-0.04280173835656788	-0.04204410448612664	
0.0800981178097581	0.12139520975140634	0.8479229329173665	-0.1711022920085252	-0.10114527182281764	
-0.11459686266446792	-0.458774071435831	-0.28685779292928026	0.1615903597238608	0.30417381620751943	
-0.3876257188561471	0.4154802614019349	-0.35097437647605795	-0.1297327943156011	0.28790154353975866	
-0.053515504978384726	-0.05238179841569378	0.6404465210824047	0.00986352329266161	0.025815933387849196	
0.26415664620126655	0.17390908978675362	0.28747207248632245	0.013221591945806558	0.09477597935778281	
-0.14663023506178655	-0.8554480099926097	0.6946103398434549	0.30851785349299704	0.2699170464559634	
0.35384186629834585	0.7129000358069401	-0.3166179999260984	-0.09312429284418032	0.34970690775599383	
0.2685537590484051	-0.24565327745149576	-1.0143725131807213	0.2067399486568368	0.46335532245608074	
0.048137773048293246	0.2969123337835457	-0.4854168547061744	0.07230027914327343	-0.08699773697973007	
0.11520476960751808	0.12813215708478382	-0.21572010305720418	-0.08853341951838968	-0.15790361688526672	
0.20144663932531867	0.196308655120174	-0.5957062395829861	-0.13111763306563948	-0.037908983325237254	
-0.16587311691894305	0.13442073472909366	-0.07438521519017782	0.27499403905181335	0.18324032583776848	
-0.3662783978212848	0.2619786128634104	-0.23566795903210638	-0.06534667319989054	0.6435805134401693	
-0.11606712725072536	-0.41636581686801144	0.07004982971633	-0.19646273642656129	-0.04877711074832477	
0.014391153268991456	0.1664480147421263	-0.23619662651494247	-0.10620965636388642	1.294601903159195	
-0.04033986021275617	-0.2058601103977701	0.22916175729002106	0.0397761995608405	0.0858255976077022	
0.01643489954110062	0.06701259230246684	-0.08446266974495414	0.20263624348024914	0.16590209042601692	
-0.1071769196424501	0.27855901349801393	-0.03566295753617054	0.3523261627299175	0.08616243819233713	
0.003778732405554127	-0.5523863533670237	-0.01201893203067772	-0.007374140693664432	-0.14010165844726008	
1.2861170060885982E-4	-0.25275933787669985	-0.17259503123354245	0.10740081069408439	0.13996170475771105	
-0.09958233788412206	0.46137167006411917	0.7851354358022204	0.08482467967242341	0.04128867916064386	
-0.04358442491214612	0.15470023098997987	-0.9914077840267643	-1.026294881750904	0.012012131519195378	
0.2648162107770932	0.3317784673219423	-0.6825782708592537	0.07468632527933242	-0.13011379431027192	
0.5009548754826801	-0.09789038439716657	-0.2694171101933048	-0.2536200427059377	0.5096811468195873	
0.0816452053178938	0.48755109097137117	0.20119641946461347	0.21404043215159727	0.10635661691509096	
0.3506772373874912	0.33492164136960373	0.14718738310621188	0.04462149184662518	0.1093597016693134	
-0.13633654809304008	0.730967020092531	0.542629890524515	0.15679503338891718	-0.3731684957779435	
-0.21194618315161326	0.31083625810944665	-0.39206107151195657	-0.6877689848144508	-0.1400246051150947	
-0.23696240989666253	0.2380303421090461	-0.05380027271096746	0.3005552967321464	0.6600392290794043	
-0.49110622603585685	0.003833683489329892	-0.892862740454634	-0.2961782453325235	0.1388780798267355	
0.9267634752951656	-0.08753486840718183	-0.35065396627411805	0.9491126321239773	0.2256315050580863	
0.11888084569217715	-0.019411724771475347	-0.25509301754397307	0.3640918680242914	-0.061581362315357976	
-0.39555594936100674	0.9182007083762829	-1.0802285163600043	-0.23132968843767324	-1.2941145608155622	
-0.13970507487217032	0.08478554447388868	0.02354401801746004	-0.3722807867492824	-0.011691857999046656	
0.24382175154038782	-0.30637721734077106	-0.009186866954388903	-0.042329817215769366	-0.05768825415210088	
-0.20176321475261488	0.6561772340403924	0.4158520466786102	0.0051982226377516975	-0.2666718309841214	
0.27670678053984354	0.32977796610352544	0.7256402750059269	-0.26105639133351366	0.13002123554054892	
-0.1495563808561329	0.06808770786914174	0.967264010827835	0.3358295837603564	0.3008341061385373	
0.11411213666163941	-0.7996401270712821	0.07359900205700509	0.06835035062636555	0.24622914229407966	
0.05529584276471011	0.17171369820316226	-0.19166879348557656	-0.1685419156751174	0.06768601324990964	
0.32916599271009656	0.7057721021359648	0.8168167303381055	-0.3159206063240764	0.43552055128481626	
-0.12436293006810532	-0.44325820942183913	-0.09130063355359051	0.31129991993935274	-0.17160911545234425	
0.12836893933538845	-0.13179164273321414	-0.20561730964979105	-0.4276533208420446	-0.2300492564956222	
0.7094292892252333	0.2837562392360749	0.5293341078621441	-0.026012401297226106	0.1988976578602363	
0.13652971756621246	-0.6248423117440054	0.6590909273500475	0.5212835403785989	-0.10299459219801807	
-0.23565228606898145	-0.08759510793907398	0.5952078964437898	0.5887239359177645	-0.29611879986905765	
0.07918385703932072	0.23241305090090242	0.1995068363838245	0.17677249815665957	0.0736840016034374	
-0.15603294500119216	0.14296253924921565	0.386834881207602	0.039468823857752675	-0.19447370786983964	
-0.05826916341688853	0.09603537710447205	0.3581209086466239	-0.08365520354288308	-0.47522295520291563	
-0.05501336588502739	0.3001191037166974	-0.09452429120888048	0.1352837073389289	-0.03962347295818417	
-0.024630296700694054	-0.30479939717287263	0.0036747739064872187	0.0481052704695476	-0.1418336032143255	
0.41027459299020425	0.6705914011695188	0.4914081600651756	-0.2698561439844486	-0.5375849396576028	
0.016934713635019298	-0.29993871768546837	-0.20725286425247383	-0.09078545958418256	0.005732757391191521	
0.38699101704407957	-0.24759431067252125	0.06441667621482916	-0.18842857785537825	-0.1761163241913216	
-0.2058199229130114	-0.04033139138135183	-0.5255177063626318	0.10052452750714809	-0.04924050387025054	
0.18070389977234752	0.46409411507324505	0.10187074099571072	-0.010746381326185737	0.4842756498828822	
0.18003837724323996	-0.08907385004122045	1.392608945752094	-0.21337858484934186	-0.5310464081758303	
0.13766745202515912	-0.16432370688859205	0.6536747063570378	0.1059960498373445	0.7773105034657855	
-0.2550166400866512	0.651257369580474	0.007615508267842254	-0.07001256514494676	-0.01463375164208235	
0.11719991831474634	-0.1594068821850243	-0.9915821265142447	0.4622590068817878	0.3361164105571444	
-0.1342343642354262	0.06243864356540272	0.2753284744445633	0.12095305848063051	0.09599181530266274	
-0.028003119981073615	-0.1495867255237273	0.12348245601482268	-0.15338925385020352	0.07051204034821959	
0.42880995599716193	0.04080638354656409	0.14062836929835654	0.13613068495447989	-0.21502218804772702	
-0.39197634942823634	0.2890742861163508	0.07437487531609742	0.08528606031259006	0.31263384005982603	
-0.03414755677187657	-0.5072682077006611	0.9304416363040781	0.9709752044023995	0.03880378500474037	
-0.1114215792465048	-0.13237303348804288	-0.010139338849944071	-0.011624728932142083	0.19437419472902906	
-0.2840544432421013	-0.18174393834873087	0.014548656540640668	-0.16234659479348762	-0.4227413979994529	
0.32458994482700804	-0.35448160649648225	0.29327763169346305	0.8295683556207601	-0.06797175589514824	
0.24813735920920957	-1.0712430680083995	-0.1610847758923853	-0.7331832417681287	0.02608864317574475	
0.10162785308161261	0.2157168928560443	0.36909510575849147	0.3111039374994802	0.25616045050144126	
0.28782100407470845	0.04501950816978208	-0.11985923504640703	0.15560599503691258	-0.25756160021945523	
0.02049442563708777	-0.16445496255210365	-0.3373268073507269	0.5882219397183589	-0.6807635674471679	
0.03758539977877982	-0.997894953732411	0.8732948367139393	-0.3300886444669634	-0.15935253869275035	
-0.14485117966956756	-0.799995058428378	0.6527035143243861	0.2867336245183465	-0.07674893199764847	
0.09291007188318069	-0.31289411799187333	0.06296273682445294	0.45152070161795677	0.04293579868062077	
-0.005598635361542226	0.5667089688248221	0.12377511464144943	0.2438145169362839	-0.4039835001320235	
0.0991426072727921	0.21447970930148932	-0.21333336716880802	0.047888699289030695	0.03698873476057416	
-0.0061735845694865414	-0.5340993491053369	0.11950585870097023	-0.2282857991546229	-0.088393044139603	
-0.27123490104090764	0.0515859952070589	-0.7163569171401135	-0.011220075019913503	-0.057800155950486945	
-0.2526647399817484	-0.6031072856524878	-1.23641231077256	-0.39089580232984217	-0.8385826243012335	
-0.38495918377143973	0.3543337465550487	-0.549525442952007	0.24923457081255163	0.38289288047520387	
-0.002541213207156946	-0.015205140133027732	0.13181335251515458	-0.11681232305273202	0.3089560874673719	
0.10294811367926929	-0.07783045531511722	0.6271953058186205	0.07317805263894112	0.15300165692209053	
-0.16387519731036904	-0.0045113494807430005	-0.08201127797243116	-0.0038063046593618654	0.04553226496786216	
0.4724359675414546	0.006688181689335948	0.25975097622384924	0.08616232678620468	-0.03972165115798433	
-0.04848150594764114	0.23988419490623972	-0.6531481383031853	-0.1696044214440511	-0.4303813849608415	
0.004065568199485059	-0.07887208190242422	0.015525022321313468	0.20308060349888313	0.15894469931400565	
0.2652101346133159	0.17457887863600155	-0.20179090064532967	-0.6177974955557469	-0.008303025124125103	
-0.5232894571382456	-0.008523738913258453	-0.40642249997917584	0.32324135597510534	-0.6041090973410861	
-0.1070526223830497	0.2218916167577875	-0.04197909921096742	-0.04576803978490298	0.30990176436960815	
-0.6275309870400961	0.2537296598245947	-1.2021776317482213	0.4618236459406646	0.14682598908121225	
0.11853469016660882	-0.8355154899894288	-0.22557389473679854	-0.4053935746645349	-0.2820361859067754	
0.3007314389525132	0.393331893514449	0.47622375240811404	0.2716075486955423	0.21112188027082684	
0.1729002716264969	-0.2857552110148715	-0.3768018547880414	0.36272105004183575	-0.15799896243629438	
0.21490421686540423	0.48377614583439443	0.2991688710543147	0.5910784075443835	0.4687149932336968	
-0.3606290226860278	-0.5756887510207311	0.0024299243618819545	-0.1272502759397525	-0.10766103183393018	
-0.23329430984971217	0.49564701348620893	0.4016423825254167	0.6481014727027807	-0.6001677315547291	
0.10728005474632471	-0.05332560178885385	0.5536056466713879	-0.23539705392298269	-0.19146543665356147	
0.11649033916455577	0.2601725040288564	0.6393098929160318	0.273242374057873	0.1262296870209171	
0.681123325497347	0.6037020497099338	0.10164208755225063	-0.4027847564394379	-0.6825544096348998	
0.3642144796255569	-0.29648436338935547	0.2654091694942251	0.016957099952673797	0.06423185726668883	
0.070106826767842	-0.23599970711599366	-0.32214349482190324	-0.34165275443920085	0.004069421059572428	
0.5018100047502101	-0.18392620671056553	0.5494639679085136	0.3091525828252214	0.04530886980433596	
0.019623538236097506	0.4318159399434296	0.4733981205229845	-0.10582210031079176	0.47620474845013133	
0.37351252230477533	-0.11569024761262572	-0.3571387342950865	-0.05090270150053362	0.06950328235346946	
0.33914436697640854	0.029726233903276025	0.1933456717048477	0.34576397912523316	0.7814898895960252	
0.2847588890100923	0.1732599506962774	0.37988298627363704	0.40801363643099436	0.251723024518436	
-0.21374229700964317	0.7636079041730073	-0.33329009323866254	-0.646672700057776	0.25885911160996256	
-0.8818472725451585	-0.03872748267317584	0.2400042794092873	-0.17847083887569912	0.6590770694387851	
0.021747922430306738	0.1803134133702984	-0.024165040827889013	0.3509898303836236	0.08329097519863737	
0.396805923226368	-0.1321511684935237	-0.14614355511535299	-0.0199369121335842	0.019680783583123532	
0.3774514562189115	-0.04595756585224503	0.1765074798595462	0.5094460870853992	-0.21192260282044165	
-0.546454360736591	-0.07792241163648911	0.4761852048613643	-0.32577590076671736	-0.4413761943603297	
-0.2852347527643015	0.08399639106275196	0.4172702608398564	-0.3783301514463412	-0.1416787301043982	
0.22726668951104656	0.40835628492058396	0.17967803392889892	0.2614578190373197	0.08091663690598724	
0.11560441567934976	0.2946538597777264	0.47118518689251243	0.20992490760648685	0.5928534332358064	
-0.1845343357800803	0.2677819885271921	0.7145385367660418	-0.42002464323139294	-0.5629297740151459	
-0.12928196982437715	0.6517780939364324	-1.4705518736692536	0.14436117045176464	0.10393656694770691	
-0.5616450665100254	0.13543489890840316	0.12860296997767884	-0.16751920536251055	-0.08922016812583723	
0.3347632351217183	-0.3602073967877984	0.28132794550723866	0.5657963692347308	-0.059759356430952294	
-0.3741517427548434	0.17696714434386596	-0.5695049074198137	-0.3605469761117762	-0.5256663160857493	
-0.2548189567618718	0.8311040147577194	-0.3990840006819061	-0.3417084173424444	-0.02463563588958836	
0.3905234973061938	-0.3008109699713967	0.3892472198696121	-0.04104432472285479	-0.17971705226745013	
0.11056302117162838	-0.11224814267397075	-0.17048671432566528	-0.10594136420779282	-0.07950679250187372	
-0.004572714734486566	0.35991216357149597	-0.2570455322309262	-0.45530697941066856	-0.2882510180790613	
-0.12989672061354943	0.2619688446647033	-0.4112755476659413	0.30793173828839765	0.09956166100070715	
0.2426819187706942	-0.12687066844584005	-0.023407891986192263	-0.009037267361912975	0.3993467043929711	
0.1795332748736739	-0.14396188868667845	-0.10402257646320352	-0.17992952623006364	-0.03377002732222676	
0.16849517186090116	0.17944166663260538	0.5846431363464146	-0.1908171006121396	0.6332207203244105	
-0.2426003135627757	0.20904697324252822	-0.26005889001094884	-0.25555499967918616	0.1449081627470988	
-0.11634918876579976	-0.6469489484352863	-0.023670557351929356	-0.5150884158712198	-0.0582082394545071	
0.18977004718747573	-0.034872915998361856	0.2510450638766352	0.009277710881004457	-0.18647416824351767	
0.6375268552910822	-0.2822934126872454	-0.525909363432079	0.05685799660754571	-1.371245527560656	
0.9841699173891763	0.06024238589181338	-0.20472415180679537	1.130743855423165	0.6276405521734012	
-0.26305921400376925	-0.03251070059045591	0.27635301682712343	-0.13998995420372357	-0.05913821162705904	
-0.3954839580083672	-0.21556198912992044	-0.42314927889317616	0.12146395095007356	0.3061378542643289	
-0.36499417291731784	0.1850179680402617	-0.06760384988683299	-0.09231846574167037	-0.30053321624564294	
0.3817775267287836	-0.07998812317375956	0.36700496577129627	0.129995693033546	-0.0811928629303074	
-0.5649657412522426	-0.6812477352870597	-0.24231976502976135	0.2651151529136615	0.21936175114928336	
-0.42020385355860757	-1.0972308940962967	-0.6103203452063678	0.17400625654373203	-1.0745276631497045	
-0.7226290927330081	-0.44319559637442163	-0.5511755191748602	0.9017742327972925	-0.07048077996651776	
0.6218471925983475	0.3917569563790142	0.8441047610629452	0.2259971959380351	0.8738980516126428	
0.293888878626907	0.14183251170544914	-0.4741624968714608	-0.10680987990650245	0.14059167028867825	
0.3742059009081996	-0.03363730736914298	0.005729571853297582	0.12612401049495103	0.421351727902545	
0.6198825474236451	-0.1165027080939272	0.3273516402944754	0.2651648360516015	0.23457698709809194	
-0.25812928156489556	0.3665557286447359	-0.5547916575578055	-0.317238643813244	-0.4159815598415886	
0.1434425807662244	-0.30052907498765824	0.20319019143989858	-0.0917751212127194	0.09204937113012757	
0.28996884433349124	0.18055801699994878	-0.05248938545630924	-0.6749416985047713	0.213348258591454	
0.421737430290416	0.03997198507608994	-0.18333100434842045	-0.17503024570248416	0.22525631589771108	
0.08821364518538301	-0.03211684771339625	0.16522986762806843	0.16682097615447655	-0.5109146061348576	
0.07374745084647004	-0.17734041643416132	0.584221459224075	-0.15042091066327726	-0.11576438348193431	
-0.13165109387594084	0.1803212156329046	0.40646097285200317	0.3884861469651522	0.13976902536930919	
-0.5722765501383823	0.5818254964767625	-0.07482748570789771	0.30685331697779566	-0.16293634487003839	
-0.42731120587227284	1.1036053695885826	-0.6978161018897495	0.3796486202616107	0.011023819334335846	
-0.06085624246158092	-0.11933910299993013	0.44157208659540215	0.05803380958064737	0.16813324071171348	
-0.2665309829159434	-0.1928588735677916	-0.22088864707559913	0.012510592261627932	-0.5458837840450452	
0.04800377383214084	0.37996422490602794	-1.1379869511688452	-0.40416637983363585	-0.04505802066468199	
-0.14130255468193362	-0.0908607794543877	0.32670464120399245	0.04802667593701996	0.0011906860244275915	
0.1255607554240629	-0.21498328470348935	0.3988017651630271	0.3147768841359734	0.45733029387249147	
0.19362383294082855	-0.40154754126816716	0.7068102412695305	0.7304999396885372	-0.3810011930564735	
-0.02416526400816051	0.004302857575224667	-0.12506758767887055	-0.06834137497388755	0.0025080264134817115	
0.3978537974572979	0.08451608853327396	-0.056051968865629215	-0.09831492301454027	-0.18342387398437865	
-0.09031738473895341	0.029689816450221257	0.8032103945308583	0.020405233430347784	-0.08167708478805759	
0.4094205740147252	-0.02321583988390647	0.024683583320018614	0.21251573440853377	-0.023017592373019514	
0.21755657104780404	-0.13112039416995316	-0.7497832047384947	0.0719081514690599	0.23658592350786362	
-0.7570084797152664	-0.8286420878141573	0.4121554320436589	0.22952975583145577	0.16572769603359347	
-0.12754314060307056	0.5176804131957943	-0.08566367382012342	-0.22916588011695835	0.3549518252328729	
0.013376452786743634	-0.0886563592777424	-0.0271423065328506	-0.0659298301097753	-0.13501497644208307	
0.1336489178191541	-0.0374871237874836	0.24795916248815245	0.030141987245065685	0.31179483182469886	
0.19154684399656863	0.5269318505388756	-0.01645838012532947	-0.20190495520396606	0.17638280758411679	
-0.03046378690013588	-0.1921955703878727	0.10851467121442286	-0.04276960295314219	0.1833219889399073	
0.38100017082524645	0.17158555254621347	-0.24571407018199795	-0.19517945185709634	-0.33326066282249106	
0.10640037561340335	0.0930738401896922	0.20202447784970173	0.4121644362999925	-0.6160008523015634	
0.024363473078258303	-0.5686682910657396	-0.11550696685086016	-0.06012159638232647	-0.01860231219146185	
0.1794756540268449	-0.032535802760801175	-0.020128438274585474	-0.6694405515638425	-0.2511686238567569	
-0.008437578771369672	-0.07107006940254428	0.6933969987638001	0.08298417156079105	-0.18854260786207597	
-0.4101108861228243	-0.1647596277656218	-0.07565740667706922	-0.2978868885825327	0.3375052659080255	
0.25929757325314606	-0.09379513864978488	-0.5453706389604709	0.0010341000977885846	-0.12557049910687487	
0.014735455652608552	0.3612444624520823	-0.18932846356974523	-0.0899187064734692	-0.0038215055311870763	
0.015230073225193135	0.0028944136186919824	-0.30409524863442877	0.18888392911988078	-0.15870811300323642	
-0.7187574712763612	-0.03898221323910604	-0.6093034885281713	-0.10734951666303912	0.0013461818186409542	
-0.03785374718699146	0.07959963332350649	-0.17950079251236795	0.15098030740774718	0.35003684495817583	
-0.2501736837722491	0.3524722701698723	0.11587463396020596	-0.5765553688957717	-0.14448438103072112	
-0.1924134213468383	-0.6128039382379553	-0.8559517955754647	0.8231393010737832	-0.24527295774299615	
0.1112254417537274	-0.3337985466202933	0.06297384136002199	0.06422145590293678	0.2087356327832799	
0.11993804046331585	-0.267038913852926	0.3178519707690586	-0.1220818428558139	-0.20238174732734038	
-0.658341271519339	-0.07075374976257306	-0.43083428266996926	0.10768817204040548	0.26573307353052344	
-0.1521913412535411	-0.05203956117680732	-0.5786253119797636	0.5520875543946863	-0.039059047125725964	
0.31505728431317237	0.03368946304744162	0.0904666444603462	-0.27553842385432886	-0.2902223755304864	
0.05780470068701122	-0.11436116052760717	0.5258565961644857	0.3095788387176848	0.10456112833432708	
-0.08724446100788379	0.07700181155671737	-0.08602039217663314	0.012268288013470463	0.1474950156281569	
-0.029556942422322735	0.1691338977661239	-0.2534752747255047	-0.37382805098939637	0.1377041801423835	
-0.12915721713884998	0.2521546199669636	-0.06668089143154124	0.5134416939882793	0.5316899657799441	
-0.05614854151967027	0.020347803562659517	0.02332531443509522	-0.17510852749883407	-0.12135851005264656	
0.2069781135598245	-0.1291441836011442	0.12808559303361922	0.7908245982457595	0.0034476320443639495	
0.10976947850934494	0.026403726134155384	0.511643784689859	0.48761705298185715	-0.0821784173641745	
0.02032373189421921	-0.13866298806524127	0.32632955459519114	-0.17994449726212247	-0.12052630435909592	
-0.37075714124371945	0.08520148111570482	1.167143516443289	-0.17813700020725654	0.6285241766640975	
0.016253873775130222	0.5741563997673849	0.2636330453369832	0.0087248324441481	-0.42391381296403025	
-0.4774396433316371	0.4298123885129871	-0.3305553137805634	0.31314436781246346	0.4536480864059606	
0.16360792575073554	-0.2992378596681133	-0.4959157445967729	-0.2814098726919305	-0.028974515600227277	
0.041145318379305754	0.18093979475317593	0.4603883964650735	-0.06796883303460516	0.31121862102239967	
-0.19747295919931918	-0.015713971248489802	-0.7810469215167716	0.21402429905364537	-0.06410066353533307	
-0.1460948349075663	0.180857529941746	-0.5300169019682053	-0.19396869106809467	0.17351450008108577	
-0.14844868737037584	-0.18158886803264127	-0.2376211662340611	-0.27316656654417415	-0.26549402289742635	
-0.31155082857870453	-0.17575726676450096	0.14526955461465454	0.043329183759806524	0.28367273995154435	
-0.4075921288672241	-0.033440551570595965	-0.2054955328588913	-0.1183396413932208	-0.05520563328188506	
0.4195543221176349	0.1383145281511694	-0.7607766339277581	0.1594782766829488	-0.1573301604596619	
0.1366076133517286	-0.48605645979162365	-0.023288172099719003	0.07258071555884897	-0.35624105669063233	
-0.4468321436215661	-0.24195620567027887	0.554620790877198	0.16878130234374034	-0.006670205992642996	
-0.27974692934093853	-0.21086867129831857	0.07226225634321354	0.2952760577927242	-0.02046724804264006	
-0.2932017833225271	-0.08167236912872239	0.20439080439104432	0.00575027688582617	-0.08038276045963756	
0.29673379092015834	0.34255529745735214	0.6992553179206995	0.13887879414063156	-0.1961862069583366	
0.11977020644977313	-0.09314405061333778	-0.18156948365563938	-0.19707498324515346	5.527011294288855E-4	
-0.33053059855360134	-0.17139463375895853	0.49575156710864254	0.11507917371076663	-0.06301408831348261	
0.4793825608112488	0.019635755307287173	-0.06443459452084624	0.13710739115564613	-0.07820224362328503	
0.22379427844408753	-0.04026320391488298	0.2884362440176634	0.22161948527890535	0.271712202473217	
0.5409072122072065	0.1808081254229063	0.27947014506286955	0.11884639438726548	-0.26697463643537384	
0.006170399429714361	0.36197223459546407	0.05686143735764755	-0.08168841232040457	-0.20104685482702972	
0.8076620861959493	0.9000598220355319	0.2855642702945654	0.08015660889465777	0.17576886582032678	
-0.008867397449907808	-0.06261765947211334	-0.028371610817008022	-0.11661547642017048	-0.21999290341308728	
0.5581789352764963	0.42279807494466687	0.37411808527680745	-0.6795372845296213	0.1429400346753521	
0.3392647051180555	0.33344262864916574	-0.10772553889674584	0.2604566853831774	-0.20783403925822372	
0.07122776951951142	0.10103988774924848	0.00689451614737616	0.019038793113044277	-0.0954670627336283	
0.29934060504776017	0.010555547883745795	0.17098359492946377	0.1506163399643978	-0.1288593794319968	
-0.1316946410875647	-0.06786137754588653	0.9938770550487811	-0.2437660488599944	-0.3677921520014859	
-0.46631996262230374	-0.45301706643435724	-0.5004243912431573	0.22102414790762556	0.05029122328931078	
-0.06982421536331894	0.1023459643768011	-0.39531442849158016	-0.014381081199777481	0.10548107782275767	
-0.23891084747298166	0.31335870074264066	-0.6230608137809027	0.1797286671581241	-0.01750685220709395	
0.5878846444124697	-0.22258803318170814	-0.6891886067314003	1.1341207994794562	0.13022374338685253	
-0.10312488932733112	-0.15880562803979248	-0.11581834098658238	0.1396957516676447	-0.4698355383498773	
0.3964833673987437	-0.012780096339609292	0.31623740544222456	0.8931101489744911	0.2928183945164966	
0.06071428394761791	0.2729075048248103	-0.31702178793939945	-0.4712277214324492	-0.4647479959353292	
0.14360439032486302	-0.06744822754694839	-0.10230095817160244	0.08277267649731253	-0.166362211961614	
0.32343789509391446	0.5966469559877562	-0.7419084542032478	0.7596022733836753	0.48170092841422213	
-0.3243671907229811	0.20403026161106874	-0.4353464888830464	-0.00566368652279999	0.3271084564800588	
-0.7786394237491527	0.19957370224226467	-0.6374680296563779	0.23660969003814894	-0.051382256241516475	
0.0931172776815012	-0.6459364028364024	0.19877469505306522	0.46006336388009755	-0.13614845746849893	
0.14330723201664827	-0.23508375166908127	-0.2519010494288908	0.017577412576008356	0.21032605325922196	
-0.7101784065190879	-0.5429698286762972	0.39916370256962486	-0.6373887766246357	-0.0662801571871145	
0.12397916669362292	-0.1115632293959993	0.3413095653160923	0.22257454687071407	0.12467143988827811	
0.4582562126606245	-0.13316350894523596	-0.047677838588113225	0.09341710139004328	-0.03886484424309241	
-0.09606357371114164	-0.053866363904884286	-0.30192678670010425	0.006764968789706864	0.20914378906995107	
-0.15705578659071007	0.15560102664797373	0.08255490986910922	-0.12396468880375038	0.132368116047552	
-0.15634785985967617	0.09056071697497466	0.04736827899931757	0.1376082860582237	0.5223750425146837	
0.036502634418299734	-0.10098083129471419	0.06983169824746156	-0.5128121893538364	-0.2624889858151624	
0.2607816249994116	0.11947071767589895	0.3442421619567138	0.15271677263842037	-0.18518781615872693	
0.0015603599750426034	-0.15517256849717978	0.14543416425987402	0.37235934130126364	-0.07952228864565644	
0.3574723229643398	-0.2563426949848951	0.09623156145570297	-0.4699115812470428	-0.13820902247189948	
0.4409746077183107	-0.005567781274254377	0.4306402696032103	0.11739129749375261	0.3275076190473709	
0.19897137146390567	-0.2844944870264795	0.04153944952690215	0.3674706578749527	-0.0839695265760343	
0.06697933590337368	-0.31119623786824513	0.5573320833327242	0.14097143489505873	-0.05971608533005936	
0.2513611498491902	0.1872993469568835	0.22931712909666585	0.09869021716489704	0.3985813851704001	
-0.15238152142620032	1.013959803322116	-3.503786162375022E-4	-0.4256623840766605	0.12551001784297958	
-0.22774223321488962	-0.29076927318648527	-0.04173921393865908	-0.49766540895359196	-0.040866188768017134	
-1.166951770855199	-0.2319458964050814	0.17992157112449722	0.37572483598145345	0.407887405596802	
-0.10149849422780839	0.10182194547375782	0.3457445534536965	0.5264360585000053	-0.22324503520146738	
-0.20340529579913152	0.22275525247882755	-0.052554226234645215	0.32707470691639623	0.2972147053255982	
0.40074891589790557	0.15369267566463	-0.4588133118212285	-0.12909819152117513	0.2741880603539443	
-0.25502704557813044	-0.6733071596800543	0.3660212182270539	-0.6362961047438234	0.3803972712291909	
-0.05785310732918243	0.4705215479535528	-0.825835528533664	0.8395022826781081	0.32810109493217404	
-0.12435367287782631	0.09380457934039588	-0.002361484585190855	-0.11715435003188512	0.05483804297051557	
-0.07882223063173673	-0.34553552237988966	0.533114876787356	0.38139269840271595	0.08445820338664674	
0.06496682266761382	0.6680362216140034	-0.09004276135234807	-0.54243491250176	-0.005517837358360753	
-0.05942600562892021	-0.7383656065781242	0.48260985741756035	0.01546909744213566	0.28776997554237754	
-0.36071498814771796	0.033598222950629364	0.012767359542441445	0.10508182150128745	0.49737379810838434	
-0.31284019565663557	0.5136332549226313	-0.9125153178562599	-0.1931260574450245	0.00403893471816188	
-0.18686048291276736	-0.033632887669497326	-0.15339746600897092	0.35788237834782954	0.3611809320037184	
0.2833641970872295	-0.31447294158323263	-0.2955077897758705	-0.2864021260635051	0.4716991506592806	
0.19264785952308977	0.1338010000007643	0.31989781470109113	0.5873508281420429	-0.33132118456596527	
-0.21215366584855574	-0.0018020998123017497	-0.6099339479063752	-0.1983924182181338	-0.11835473447921066	
0.4076751841714193	0.3863318764208714	-0.0034154425549712173	-0.08838065236108109	0.239223426137974	
-0.09092461450055309	0.14244844704590948	0.1870571530393771	0.1102082160169286	-0.16328486733963615	
0.2200453976766411	0.09742512515011142	0.08034990380805715	0.2325368323884972	0.02048403105458985	
0.1283185142739969	-0.21739651334199794	-0.36860333978703164	-0.10506481861993125	-0.4462626298371727	
-0.14176534720176842	-0.07119112596270731	0.8176310152001242	-0.4604772206173136	0.011721865812486985	
-0.11696921400544981	0.5884103127091218	0.7398769139222668	-0.5243941754688614	0.32917932975531217	
0.005571025439114119	0.03743489242541459	0.0017457719571328254	-0.0806370388284949	-0.07301439446668087	
0.6230403301071031	0.1647399540306979	0.1795841165673251	0.2703720357251148	0.21387917360714867	
0.46233186391217773	0.19186664925656544	0.009860592584925864	-0.1267154114302972	0.6402345437262966	
0.19489053952919666	-0.5753934241016989	0.6532269616960081	0.21809349031483807	0.3388400509032078	
0.18645734243373674	-0.0775525048485113	-0.2796893411546207	-0.06497173728387991	-0.20376213080078368	
0.06474259021430696	-0.7110043218309626	0.5536919689220836	-0.24842708684581233	0.12057820054396128	
-0.1985804204760964	0.20441133366632283	0.9983143384325414	-0.12761514247266598	0.1211529140392964	
0.18985850611585517	-0.25158630418506195	0.32075359091089406	-0.5036397001753019	0.2247473977303666	
0.10075209485245984	-0.7340405342718888	0.5126295233676609	0.007443330952014124	0.21416999365885164	
-0.3620063326949712	-0.1118178944516761	-0.4176065865119833	0.10470984512024069	0.2124856465896833	
-0.02647621754632683	-0.0945638956028124	-0.32718564268402245	-0.11470464659678345	-0.07468226059513394	
0.026233952342272958	-0.4319970496028801	0.3629917469471198	-0.1820415642520093	0.48036492419434235	
-0.2584789162607452	-0.09205154576773218	0.12708681511884481	-0.08609090640666922	0.01685933220424237	
-0.17210777737267421	0.49543420790055465	-0.117173055868428	-0.1424406669115663	0.11615566332294033	
-0.1016914795177547	-0.14927358700486879	0.4392169102327774	-0.08083492340095878	0.18140379503481568	
-0.08219764794118846	-0.38735605208989266	0.4268480246825649	-0.14475411919730072	-0.02068056095326356	
0.18783255087248313	-0.03781705313765139	0.11438137882670178	0.14941552878128492	0.02694295514143327	
-0.7808314953094073	0.5658521218519579	-0.05846896327355732	-0.2563319601917416	-0.15764252825709538	
0.5214013080639281	-0.15701821399934532	0.9439626459021556	0.08975306320522539	0.053304876387644855	
-0.6073697950242939	-0.2283689359774034	-0.1332126397404017	0.28860416183020693	0.024010330931068156	
-0.265508401360723	-0.13943429913654345	0.18197272822640406	0.014199688229207164	0.4393415600691409	
-0.25689776329841607	-0.27325825483201344	-0.06561508954864147	0.13267620689355547	-0.07468534622966021	
0.005603751593369155	-0.276465296824013	0.3457597045203648	0.2898457748758032	0.1573615884253769	
0.4057273062363924	-0.03424759166990634	0.3791918796994573	0.19834505872206237	0.6707604585521424	
-0.0922002573708097	-0.8932344504350804	-0.7547258454343942	-0.8743043231249756	0.2194975302501321	
0.23399413694935434	0.20796604181796663	0.14651669245219068	0.1419111611938895	0.4376337026518922	
-0.15160051298485933	0.4317097717003181	0.14074371753910211	0.32649589089876935	0.3572221593521897	
0.7939633355228737	-0.2475498873114831	-0.15039695034009998	-0.5690056763103762	-0.0569560579661222	
1.1151198995510332	-0.9692113457460441	-0.07351675047243073	-0.0590259198803118	-0.13954197773804153	
0.12312028505514672	0.006760537394739456	-0.09495147491013373	0.33661041560329336	-0.5874101682767261	
-0.12915341632471045	-0.12310880864011409	-0.16594195190662195	-0.31417134553074927	0.30395359863968935	
0.6300156625326842	0.2200522893259723	-0.0841178070279403	0.4006271527073926	-0.09679102971959153	
-0.14002763248065075	-0.1312228708203207	0.39114900117363427	-0.31565311699786835	0.16809889976660897	
0.5079780959802827	0.135472203604773	0.7975125399613282	-0.2050599743069871	0.02975062454879358	
-0.4163917135497426	0.24128038935603624	-0.29864888018788743	-0.12798654639009846	0.02597655628631946	
-0.11370128888134988	0.20877841631190996	0.0776366069002667	-0.28257268770096633	-0.6178472739450603	
-0.10156638852472577	0.018274017547800326	0.23765832919781663	0.19434923598569684	-0.16871145980646626	
0.18380220400916636	-0.13595028675538337	0.01651400412445687	-0.1584554108711624	-0.5572727411121744	
-0.5701816437483547	-0.6529189875081999	-0.6207648732410262	0.44850885189440726	-0.1826159304709667	
0.22349076950114188	-0.39166870863954173	0.037843894088857515	-0.31287975086851133	0.7095075161963353	
-0.10004767150509897	0.11107411466158272	-0.5632236220397238	-0.24169271472297685	0.07991336549005669	
-0.15337272047016617	0.5910675714418756	0.5794969610858234	0.40410769183491935	-0.2545131040091621	
-0.34289449710759756	-0.1465133868489975	-0.3736249382610849	0.1484882991520006	-0.36011281303896625	
0.38032339821838856	0.4581431036705975	-0.26847749490890876	0.4438338307964866	-0.16888365369421263	
0.13768315489421812	-0.5348455006503765	-0.00983958146816401	0.2369529444876571	-0.00211176647069966	
-0.03395821602253298	0.12704067840978547	-0.46974642511246645	0.5196000225598869	-0.1486546135099819	
-0.3290428424314126	0.5660101281456855	-0.22715787732046847	-0.01947277732169238	-0.2852625339223035	
-0.005756713127899345	0.23509690848831763	0.244314125535457	0.12390394041623136	0.4583267902791039	
-0.019197950317743222	-0.02236813453976453	-0.09267778846335864	0.12611424905925572	0.06562629933282406	
-0.08627490481146499	-0.10002440256352618	0.01900931712525351	-0.22001393712502906	0.22792183560723145	
-0.1827332937691042	0.052972572707712294	0.1977514259792012	-0.2698584944206698	0.16878762241207423	
0.35077747236205703	0.11850403506316234	0.12404026204776349	0.17719402148091834	0.133161295952718	
-0.037859704483189614	-0.11140680344080967	0.1644180343946502	-0.25620105342452343	0.1481179763852237	
-0.05408163570740581	-0.36649596943609064	-0.014459375436894326	1.0461564033600312	-0.8790365421904363	
0.1446629752799768	-0.4595134601036431	0.1166090048263496	0.0072568484268267595	0.17457259808481823	
0.15245993564499344	-0.3174070855545449	0.27061269875125027	-0.7489118347262699	0.23693478789734077	
-0.0696952314766042	0.1751828049670149	0.02147831712190878	-0.27734845081194315	0.2595671255376962	
0.45085076942711955	0.27391444836622936	-0.04886345549837917	0.1403577896214624	0.011020180887379437	
-0.11107182941039098	-0.12095221172647098	0.5398232154123015	-0.028499793366918866	0.23726341559111225	
0.3799806763046586	0.06853494570509548	0.2746525252092844	0.05499424529810796	-0.09147094336294942	
-0.2151653111698141	-0.16969159746770426	0.166174413007953	-0.2295447527526818	0.5687737808057076	
-0.032723143718988094	0.0542907184152009	-0.27673167701113033	-0.002675144013534728	-0.24793004451336845	
-0.10844317412257283	-0.4436543526980038	0.41268849493849713	-0.27272241203437464	-0.01780650432951693	
0.30359178264582853	-0.18416256369973827	-0.02996124682313877	0.016841128759648202	0.5830540476976158	
0.6621414295648304	0.1420433371172642	0.03523217529331204	0.05325631602541196	-0.07452785449112224	
-0.44307943981167514	-0.09750622508267107	-0.22139012967109925	0.7054122305445206	-0.9804384763666526	
0.44647706647462393	0.4002984790250927	-0.09474078292985279	-0.35025232094056263	-0.006904607480186447	
0.062484167210390386	-0.26948508712980307	-0.5803867514554619	1.786946266644448	0.87424872109417	
0.14604894088819573	-0.10878619547214137	-0.09873019831196042	0.3347326184324791	-0.319858569368831	
-0.510239175437633	0.5642789470008008	-0.5139136637073489	-0.3934745130920798	-0.31936470726237653	
0.41749365467869143	-0.07636104349370265	0.5509854738671685	0.43426511711822663	-0.003498805231043523	
0.6653679014236558	0.16021262979023088	1.146381797411609	0.010476995349440667	0.12116089502372371	
0.06259138491075779	0.09875354640203078	0.06709027959652959	-0.11679357152486353	0.18364915180907126	
0.07847482407857084	0.16182775981639325	0.4777802699761671	-0.3514726375362983	0.14834001306134018	
-0.13770580317734996	0.27688976177389585	0.261968181520251	-0.38022818341083797	-0.2672480611043981	
0.3152882396303457	-0.3108043487383926	-0.06391741503776564	0.24936020083330984	0.26111850924270635	
0.3557377555688923	-0.8611178552834162	-0.12778114620559786	-0.10981898356014705	-0.40679282587180465	
0.010410575609624988	0.07087510100707843	-0.06745633278298048	0.19023362369884644	-0.020414606711663355	
-0.16582011976965536	0.01947665640995832	-0.2524115701392081	-0.10218670905301531	-0.23414217446030064	
-0.1662178383142937	-0.38965297118150993	-0.6367808043563591	0.5342114085159108	-0.0813896003275207	
0.4024223472164253	1.1481525913293742	0.6293860380512688	-0.40061779219397603	0.09417477208592875	
-0.34389668893412717	0.5001217451320423	0.1514345305427574	-0.3248845351677654	-0.5384799411137936	
-0.00731694188814521	0.13077396753496265	0.32601014146529583	0.08735235167744843	-0.37724058400538374	
-0.29191991168804754	0.10893976733886163	-0.1837181705285638	0.0488273553904733	0.050476644903978574	
0.06889207050315493	-0.12182924127087137	0.7416395360604725	0.053349079591520465	0.06918143015387217	
-0.11762565663419915	-0.08614738342879584	-0.003710455578788525	1.1275020383025687	-0.1032357911724006	
0.016418525290597258	-0.20382787410286476	0.29209025547367296	-0.0979713335805967	0.2136571192637322	
-0.17938429817450793	-0.10730885870702164	-0.3929461919519839	-0.039672030737634145	0.12665793925368166	
-0.21358268776197625	0.25568803586432043	0.2727551634523523	0.036357419910466655	-0.11607166376571736	
-0.027080939036599784	-0.19527323896119086	0.11932507167987454	-0.28328912055156447	-0.1778773132940102	
-0.19224885451597065	0.006800096523488074	0.5625222594973889	-0.03713427927282599	0.07714762581370462	
0.5302891077084481	0.1478544354866474	0.04100507167922914	0.23540564775353198	0.3873983375654307	
-0.167286623509609	0.3731257731608603	0.41008338030197744	-0.22747432773386317	0.6778325618777798	
0.16382761397188894	0.07327704201949209	-5.75560224706637E-4	0.32040285960608783	-0.015153380075186143	
0.031333150722465675	0.2940466951128016	-0.7008899309419789	-0.11856863076108924	-0.1892491233576919	
0.7702177418322104	-0.722894352377646	-0.06357342729441945	-0.009393089851477675	0.5161287833381552	
0.4109383665509731	-0.1661400217046499	-0.24990375445642535	0.12984626372412608	0.11551729771201348	
0.09322264883631447	-0.011315126899919172	0.22586897227703867	-0.16770680980584038	0.23699695110103958	
0.32790879889256624	-0.3427094551924388	0.25798212653994024	0.41404839597224175	0.1428449041066661	
-0.18631778619403067	-0.3596277042435843	0.26347835053704965	-0.17723183970351467	0.08666419560027036	
0.04910164909923307	-0.3210896470487914	-0.2615645618735204	0.07879076262592767	-0.0027008504239987925	
-0.27966459711239045	-0.03556002077461885	0.03171419469089362	0.30307426196807336	0.14974178824452197	
0.059166570758055606	-0.5599406744462773	0.039958050523670054	-0.1599416537646062	-0.017815673210199244	
-0.7224250001965307	-0.46114125382747906	-0.5083505014507773	-0.2671278786298579	0.408609085341828	
-0.5167585151957662	0.1880372418985494	-0.4403029939660167	-0.281821266048748	0.12661904846846647	
0.3739018323571965	-0.07987069050884499	0.3369238832360032	-0.023542872453009938	0.06527993475962027	
0.09291426984074626	0.02936477188082061	-0.3352026613615356	0.00973921496423402	-0.0840911042553344	
0.1860517539170319	-0.14222481425992822	0.1909496463124076	0.0830292891396991	0.2975164813454557	
0.37650865442529086	-0.7708189731725378	0.3339227465983301	3.4436156505244446E-4	-0.28977329439664407	
0.9616489215870898	0.9148180457961599	-0.7540728648588365	0.5297361905461879	0.4192673411830851	
-0.4217852652524191	-0.1883165617627267	-0.026123039988535372	0.1139255518322962	-0.40638007060817655	
0.37617785446859625	0.13493939601958588	0.7478983270005319	-0.421430844997437	0.5504445375528215	
0.28570312510006074	-0.12480610051685062	0.15970127595731168	-0.19223490677436045	0.7870275456656197	
0.45716324832314353	0.3069003308424679	-0.24368857571038616	0.8034117953702372	0.007422543380609862	
0.6263983208035256	-0.0787800793479281	0.3455251855944968	-0.04264795700975004	-0.10766673643330475	
-0.14046657005384217	0.11027580809470239	0.2530781653983797	0.6102178668510039	0.2747388921660331	
0.025022280008629216	0.7533243911424428	0.06396693459413721	0.3783297288703311	0.3521420960113812	
0.2645345891080222	-0.19469360333363078	0.3419986339675321	0.11284564606402925	0.16669914639557618	
0.5405365268668515	-0.2803250499719068	0.3231579430409066	-0.46895938139737575	-0.280037272238356	
0.1923249231465652	0.11162275834894624	0.033599884663270074	-0.33372481256586944	-0.003490142672025081	
0.1514742934370857	-0.11253674136979626	0.8434836238119331	-0.6285703333590017	-0.12390415547100438	
0.0943316882633823	0.7336105745368088	-0.41705448783486937	-0.058412775978549394	0.11500606000427106	
0.7273278051696773	0.11361252514095015	0.7475535129425962	0.06834436854242702	0.3739372944413543	
-0.08126572925415938	0.24349592144008095	0.3979162527193079	0.17468840466930083	-0.6354081631447632	
0.7311645233627718	0.5712489383666539	-0.7294297139477539	0.20123539741651483	0.2332570509654437	
-0.12900303915847205	0.32604350508553287	0.29842514045204244	0.1491340055906221	-0.18289326502927472	
0.09947044441505513	0.4412594159622602	0.06576542443690742	-0.035487301992074484	0.12465897045380807	
0.24338722436335725	0.5187755480778198	-0.16052010719808205	0.08904116522490546	0.25265034121467117	
-0.09200612595446576	0.01714498956797596	0.36758635393084327	-0.015213215954434473	0.060024027259701074	
0.03243422472022145	0.4095397207502371	0.07065793204020712	0.10324562751303272	-0.03553012682661941	
-0.08170091550769878	-0.07659242845232331	0.0755657361742595	0.21826733422393443	-0.032905030104181714	
0.28209503911902917	0.19671238845671543	-0.06557842968317795	0.36993262154277473	0.04603772173389522	
-0.13863532620525534	0.3716473443710617	0.1288973206021283	0.09099421787985282	0.49981738964589956	
0.9794136960076487	0.7170392819013937	-0.5666113525736369	0.28191291838935145	-0.3489529145086218	
0.7453325729063289	-0.1609750468672854	-0.478779352797939	-0.0431758934677024	-0.42710972536573516	
0.48606878409618487	-0.21508760475188332	1.270383856405909	0.41208254799489763	-0.09281026733433081	
0.0359268209748476	-0.4250288928820052	0.2817758781477673	0.03011457066334583	0.2176791897607748	
0.09236020116760132	-0.26688349303411274	0.36710142754095726	-0.1708221499312466	0.04161001040472226	
-0.0979672999261672	0.02964133848632923	0.6653901405584081	-0.13509781140414726	0.5604924867970311	
0.43360074179482366	0.06201828314757279	-0.6222302328055209	0.18665270586403968	-0.021140182019756988	
-0.32190748766873134	-0.13135713035108765	0.4043981338563815	-0.4745668019373413	-0.2720871956940855	
0.3066179010418077	0.18604735270273234	0.27448791174015064	0.24426825954763523	0.04289121118855312	
-0.15413997537475216	-0.0853980004680985	0.2559060160501839	0.05915460398989569	0.24430877088719663	
0.15740348731444145	-0.23312177299875697	0.42397776844498697	0.11827819213363581	0.0796018559726605	
0.8290365830392978	0.7654299199108553	-0.4583977821197118	-0.36428976593220347	0.049115028626631314	
-0.17728983949019952	0.6168557120314615	-0.45675896651731107	1.2981995077299688	0.9591282773154838	
4.2222768860872447E-4	-0.19937741499731668	0.38841467174465133	-0.243172333494127	-0.2685421747220188	
0.547221914419459	-0.2348661947376691	0.35070099058756266	0.20121938134065162	-0.11200656139889857	
0.16329095866624016	0.1266153611931195	0.04560625723853402	-0.08951126787702009	0.2975475474442492	
-0.12270423674691631	-0.035183476269604205	0.03393381098730254	0.0578982026068654	0.12307780245766095	
0.2630030802109366	-0.3045452958412828	0.17560934423621838	0.0845876227517302	-0.15312353829708797	
-0.3487009190719634	-0.1590218362309702	-0.03355029229059117	-0.14478721891827873	0.10135942720773007	
-0.6632443846922039	0.33352084189874037	-0.6169971797174716	0.12112163375235571	0.17422123694244696	
-0.3811091193459464	0.5551088804168485	-0.23962615447702365	-0.13712530804907927	0.06317263227862724	
-0.08379934629900707	0.12069011789836459	-0.0927874974993758	-0.2161055034123201	0.43380897950507297	
5.176559173319134E-4	0.24192498675368349	-0.39803250512300553	0.2582760726392254	0.019087192021172178	
-0.46403798918737416	0.5293079239665102	-0.8178127462368046	0.46028840580794467	0.31666096646485925	
0.20239269595134876	-0.40184245950586306	0.4749224308930805	-0.7405402730802981	-0.5032114869087065	
