3.5952380952380953
4.1866666666666665
3.130434782608696
2.9464285714285716
2.625
3.625
2.6129032258064515
3.409090909090909
3.7708333333333335
2.9444444444444446
3.6129032258064515
3.424083769633508
3.5
3.107843137254902
3.526315789473684
3.85
3.761904761904762
3.575
4.012987012987013
2.948717948717949
3.8714285714285714
4.655172413793103
3.9285714285714284
4.341463414634147
3.772727272727273
3.586206896551724
3.96
3.658536585365854
3.3529411764705883
3.4
3.575
4.111111111111111
3.651898734177215
2.6956521739130435
3.1144578313253013
4.017605633802817
4.25
3.7058823529411766
3.210526315789474
3.7058823529411766
3.4347826086956523
4.428571428571429
4.361111111111111
4.282051282051282
4.111111111111111
4.120481927710843
3.388888888888889
3.397727272727273
3.6333333333333333
3.7777777777777777
3.6783625730994154
3.3562753036437245
3.2941176470588234
4.25
3.8846153846153846
3.0357142857142856
2.855421686746988
3.793103448275862
3.9957627118644066
4.320987654320987
3.0
3.975609756097561
2.6470588235294117
3.838709677419355
3.9523809523809526
3.765625
3.5113636363636362
4.31858407079646
3.9207920792079207
2.5416666666666665
3.588235294117647
3.2941176470588234
4.127659574468085
4.12
3.7222222222222223
3.3392857142857144
3.3333333333333335
4.0344827586206895
2.96
3.875
3.375
3.2
4.235294117647059
3.707482993197279
3.7
3.730769230769231
3.652173913043478
3.6785714285714284
3.125
3.889908256880734
3.875
1.497191011235955
4.0
3.142857142857143
3.607843137254902
4.044444444444444
3.452054794520548
4.085106382978723
3.7586206896551726
4.0
3.6470588235294117
3.2653061224489797
3.608695652173913
3.4838709677419355
3.141304347826087
2.9572649572649574
3.2839506172839505
3.566666666666667
3.372340425531915
3.2620689655172415
2.96875
3.857142857142857
3.0476190476190474
4.041916167664671
3.0259740259740258
2.6666666666666665
3.272727272727273
3.7096774193548385
2.85
2.196078431372549
3.2797927461139897
3.8214285714285716
3.1153846153846154
2.6258503401360542
4.03921568627451
3.1724137931034484
4.0
4.21978021978022
3.9381443298969074
3.8059701492537314
3.7850467289719627
2.985074626865672
3.7209302325581395
3.75
3.3020833333333335
3.789473684210526
3.630252100840336
3.08125
3.0833333333333335
2.97196261682243
4.5
3.769230769230769
3.425925925925926
3.235294117647059
2.409090909090909
3.584
3.8807339449541285
3.6875
3.9178082191780823
4.333333333333333
3.1099744245524295
4.014084507042254
3.46875
4.15
3.217391304347826
4.228346456692913
4.30188679245283
3.6842105263157894
3.4285714285714284
4.4375
3.5833333333333335
3.6578947368421053
3.2941176470588234
2.9939024390243905
3.9
3.6595744680851063
4.084615384615384
4.067796610169491
3.780952380952381
3.7704918032786887
4.5
4.0
3.041322314049587
2.5
3.9647058823529413
4.111111111111111
3.9444444444444446
3.8157894736842106
3.0357142857142856
4.0
4.041666666666667
3.1838235294117645
4.052631578947368
4.225806451612903
3.6578947368421053
3.15
3.9246575342465753
2.980769230769231
2.9490196078431374
3.227272727272727
4.405405405405405
3.528888888888889
4.378378378378378
3.6
4.015873015873016
3.1125
3.494061757719715
3.4871794871794872
4.176470588235294
3.2934472934472936
3.696969696969697
3.55609756097561
2.7777777777777777
3.5
4.111111111111111
3.5555555555555554
3.923076923076923
3.726457399103139
4.142857142857143
3.84375
2.9523809523809526
3.774193548387097
3.3008130081300813
3.665236051502146
4.23404255319149
3.022508038585209
3.4836065573770494
4.259740259740259
4.181818181818182
3.4430379746835444
4.0
3.4517543859649122
2.7872340425531914
3.7777777777777777
3.8461538461538463
3.522935779816514
2.5
3.3384223918575064
3.4347826086956523
3.374301675977654
3.8076923076923075
3.819277108433735
3.7508196721311475
3.6
3.935483870967742
3.9473684210526314
3.8389830508474576
4.411428571428571
3.5539906103286385
3.6804123711340204
4.029850746268656
3.4918032786885247
3.4210526315789473
3.66412213740458
3.5555555555555554
3.272727272727273
3.6956521739130435
3.7
4.162790697674419
3.6619718309859155
4.26530612244898
3.413793103448276
3.335570469798658
3.330357142857143
3.4541484716157207
3.43859649122807
3.6315789473684212
4.491666666666666
3.6607142857142856
4.117647058823529
3.9
3.4814814814814814
3.388888888888889
2.9158878504672896
4.0
3.9464285714285716
3.9902912621359223
4.133333333333334
4.111111111111111
4.0625
3.45625
3.953125
3.7006802721088436
3.6686046511627906
3.2649006622516556
3.5636363636363635
3.96
3.1515151515151514
3.0
4.309523809523809
4.235294117647059
3.413793103448276
3.3076923076923075
3.7419354838709675
4.15
3.5789473684210527
4.258064516129032
3.566666666666667
4.045454545454546
3.764705882352941
3.8795180722891565
3.7362637362637363
3.1052631578947367
3.0081967213114753
3.3529411764705883
3.4444444444444446
4.384615384615385
4.166666666666667
3.142857142857143
3.9444444444444446
3.5714285714285716
3.6865671641791047
4.051282051282051
4.326923076923077
3.715909090909091
3.319502074688797
3.8421052631578947
3.6538461538461537
3.8275862068965516
3.40655737704918
3.9415584415584415
3.7941176470588234
3.1954887218045114
3.878787878787879
3.5365853658536586
4.423728813559322
4.0
3.3060344827586206
3.7
3.3305439330543933
4.175
3.7320574162679425
3.8
3.7142857142857144
3.737864077669903
4.123595505617978
3.353623188405797
3.877049180327869
3.826923076923077
3.3846153846153846
3.6436781609195403
3.7709923664122136
2.935114503816794
4.4
2.6818181818181817
3.5789473684210527
3.2125984251968505
3.9298245614035086
3.619047619047619
3.3333333333333335
1.8758503401360545
3.5214285714285714
3.469945355191257
3.7142857142857144
3.4716981132075473
3.638888888888889
3.125
3.7948717948717947
3.9318181818181817
3.7027027027027026
4.086956521739131
4.1
3.83160621761658
3.255892255892256
2.789473684210526
4.4
3.6601307189542482
4.137931034482759
3.739130434782609
3.3333333333333335
3.5294117647058822
3.3225806451612905
2.9878048780487805
3.7972972972972974
4.52
3.933333333333333
3.4228395061728394
3.7245508982035926
3.5294117647058822
3.411764705882353
3.6956521739130435
3.588235294117647
3.763157894736842
3.3257328990228014
3.7142857142857144
3.545
4.0
3.6153846153846154
3.5785123966942147
4.075
3.5294117647058822
3.0576923076923075
3.5
3.9444444444444446
1.981818181818182
2.7586206896551726
3.6160714285714284
3.323529411764706
3.8135593220338984
3.642857142857143
3.8677884615384617
2.7375
3.44375
3.272727272727273
3.0207253886010363
3.4705882352941178
3.4011976047904193
4.013100436681222
3.6232876712328768
3.4065934065934065
4.045454545454546
3.440677966101695
3.0
4.125
2.871559633027523
4.1
3.4603174603174605
3.4069767441860463
3.742857142857143
3.982300884955752
4.529411764705882
3.6666666666666665
3.5625
3.4347826086956523
4.230769230769231
4.0344827586206895
4.134328358208955
3.4375
3.4383561643835616
4.464285714285714
3.5104166666666665
3.40251572327044
3.75
3.7058823529411766
3.94
3.4761904761904763
2.933333333333333
3.966666666666667
3.0434782608695654
3.2167832167832167
3.672043010752688
3.3852459016393444
3.6666666666666665
2.7953216374269005
2.8181818181818183
3.962962962962963
3.4
3.784313725490196
3.923076923076923
3.957055214723926
3.0654205607476634
3.1402714932126696
3.30327868852459
3.8513513513513513
2.895424836601307
3.526315789473684
3.3655913978494625
3.6964285714285716
2.966666666666667
3.937984496124031
3.6598984771573604
3.397590361445783
3.717948717948718
4.6875
3.77027027027027
2.4074074074074074
3.7
2.7857142857142856
3.8421052631578947
4.421052631578948
4.411764705882353
3.823170731707317
3.0
4.176470588235294
3.2962962962962963
3.5344827586206895
4.275
4.25
3.65
3.1129032258064515
4.416666666666667
4.3580246913580245
3.5254901960784313
3.2325581395348837
3.2
3.8859649122807016
3.6818181818181817
3.6129032258064515
3.8333333333333335
3.9722222222222223
3.0833333333333335
4.046728971962617
3.321951219512195
4.061538461538461
3.9186046511627906
3.8676470588235294
2.8390243902439023
3.6176470588235294
3.9555555555555557
3.769230769230769
3.7547169811320753
3.6132075471698113
3.5090909090909093
3.5375
2.75
3.5396825396825395
3.953488372093023
3.6
3.7063492063492065
3.8421052631578947
3.642857142857143
3.75
3.824626865671642
3.072463768115942
4.222222222222222
3.5238095238095237
4.046511627906977
4.228571428571429
3.7
4.25
3.5161290322580645
3.6027397260273974
3.36144578313253
3.0371621621621623
3.6721311475409837
3.9565217391304346
3.3793103448275863
4.53125
3.4347826086956523
3.945736434108527
3.390625
3.5357142857142856
3.4642857142857144
2.6842105263157894
3.375
3.5384615384615383
3.7804878048780486
3.4358974358974357
2.9473684210526314
3.5277777777777777
3.7880794701986753
2.7333333333333334
3.5172413793103448
3.880952380952381
3.638888888888889
3.96
3.26
4.55
3.625
3.6031746031746033
3.2857142857142856
2.948051948051948
3.7945945945945945
3.4285714285714284
3.9514563106796117
3.5
3.586206896551724
3.8345323741007196
3.612403100775194
3.4444444444444446
3.3043478260869565
3.7058823529411766
3.727272727272727
3.6666666666666665
3.973684210526316
3.608187134502924
4.046511627906977
3.643835616438356
3.106194690265487
3.857142857142857
3.857142857142857
3.269230769230769
3.7714285714285714
3.978021978021978
3.806451612903226
3.6850393700787403
2.52
2.7857142857142856
3.7049180327868854
3.764705882352941
3.4583333333333335
4.25
3.121212121212121
3.847058823529412
3.6176470588235294
2.635294117647059
3.3373493975903616
3.5
3.3125
3.8526315789473684
3.56390977443609
3.406417112299465
3.7
3.543859649122807
3.45
2.44
3.323943661971831
4.636363636363637
4.189473684210526
3.136986301369863
3.2804878048780486
3.066666666666667
3.7252747252747254
3.391304347826087
3.3653846153846154
3.2962962962962963
4.571428571428571
2.4805194805194803
3.581818181818182
3.0084745762711864
3.5947712418300655
4.2592592592592595
4.038461538461538
3.6126482213438735
3.727810650887574
3.935483870967742
3.9207920792079207
2.896551724137931
3.8372093023255816
3.2295081967213113
3.761904761904762
3.9523809523809526
3.191235059760956
3.3684210526315788
3.1333333333333333
2.665236051502146
3.76271186440678
2.8849721706864564
2.5789473684210527
3.0869565217391304
3.719298245614035
3.778481012658228
3.28
2.566473988439306
3.8846153846153846
3.8333333333333335
3.496
3.7941176470588234
3.4608695652173913
3.650537634408602
3.9210526315789473
3.5135135135135136
3.4523809523809526
3.7586206896551726
3.764705882352941
3.6116504854368934
3.3043478260869565
3.838709677419355
3.6666666666666665
3.782608695652174
3.625
3.5476190476190474
3.608695652173913
3.6666666666666665
2.9655172413793105
3.962962962962963
2.933333333333333
3.1118210862619806
3.2096774193548385
3.4507042253521125
2.0526315789473686
4.615384615384615
3.5625
4.777777777777778
3.6666666666666665
3.7954545454545454
3.182795698924731
4.222222222222222
3.3125
3.168
4.145038167938932
3.303030303030303
4.0
3.7560975609756095
2.908256880733945
3.1176470588235294
3.9847560975609757
3.3636363636363638
3.6666666666666665
4.111111111111111
2.48
3.5405405405405403
3.776315789473684
3.6744186046511627
3.217391304347826
3.481283422459893
3.2023809523809526
3.552380952380952
3.903225806451613
3.6769230769230767
3.8360655737704916
3.798449612403101
2.9545454545454546
3.411764705882353
3.3955223880597014
3.864485981308411
3.6944444444444446
3.6857142857142855
3.0588235294117645
3.780952380952381
3.92
3.5185185185185186
3.5
3.2857142857142856
2.1384615384615384
3.7916666666666665
3.357142857142857
3.0733590733590734
3.608695652173913
2.888888888888889
3.8461538461538463
3.2903225806451615
3.343283582089552
3.5714285714285716
3.021978021978022
3.54
3.272727272727273
3.176470588235294
4.076923076923077
3.6611570247933884
3.6296296296296298
3.730769230769231
3.533333333333333
3.477777777777778
3.5
3.7096774193548385
3.761904761904762
3.1739130434782608
3.661290322580645
4.028925619834711
3.7241379310344827
3.605691056910569
3.2058823529411766
3.0833333333333335
3.488888888888889
3.3035714285714284
3.533333333333333
3.4074074074074074
3.1176470588235294
3.2395833333333335
3.372262773722628
3.9244604316546763
4.038461538461538
3.4838709677419355
3.3225806451612905
2.819672131147541
3.0
3.76
3.697674418604651
4.2
3.35
4.433333333333334
3.2641509433962264
2.9583333333333335
3.5172413793103448
4.297872340425532
3.693548387096774
3.9615384615384617
3.2519083969465647
2.1149425287356323
3.875
3.3908045977011496
4.423076923076923
3.1176470588235294
3.962962962962963
3.588235294117647
4.045454545454546
3.8529411764705883
2.8
3.88
3.962962962962963
3.739130434782609
3.880434782608696
3.148936170212766
3.360655737704918
3.6666666666666665
4.081632653061225
3.073298429319372
3.8947368421052633
3.1578947368421053
3.5365853658536586
4.3125
3.1846153846153844
3.5665529010238908
2.8823529411764706
3.2857142857142856
3.9473684210526314
3.9038461538461537
3.8
3.739130434782609
4.095238095238095
3.4444444444444446
3.36
3.675373134328358
3.3564814814814814
3.6638655462184873
3.9012345679012346
4.1
3.3529411764705883
3.3043478260869565
4.434782608695652
3.923076923076923
3.375
2.76
3.0
3.7880794701986753
4.052631578947368
3.4615384615384617
3.4444444444444446
4.043478260869565
3.1181102362204722
3.2666666666666666
4.318181818181818
3.217391304347826
4.027397260273973
2.375
3.47787610619469
3.814432989690722
3.238095238095238
3.058139534883721
3.490566037735849
3.306451612903226
3.753086419753086
3.46875
2.9523809523809526
3.042056074766355
3.909090909090909
4.160919540229885
3.864864864864865
3.189189189189189
4.133333333333334
3.186046511627907
3.8813559322033897
4.201298701298701
3.8076923076923075
3.9
2.802395209580838
3.4794520547945207
3.0833333333333335
3.7529761904761907
3.0083333333333333
4.290909090909091
4.866666666666666
3.5114155251141552
4.463414634146342
3.4727272727272727
3.3421052631578947
2.8529411764705883
3.149171270718232
3.263157894736842
3.35
3.3125
3.5789473684210527
3.8
3.5
3.309090909090909
3.90625
4.379032258064516
3.072289156626506
3.8227848101265822
2.2777777777777777
2.3636363636363638
4.263888888888889
2.9526627218934913
2.9473684210526314
3.8238993710691824
3.434389140271493
3.4489795918367347
3.3684210526315788
2.75
3.8461538461538463
4.194444444444445
4.1875
3.774193548387097
3.309090909090909
3.7142857142857144
3.923076923076923
3.3973509933774833
3.36231884057971
4.027777777777778
3.8935185185185186
3.7
3.3037974683544302
3.3705583756345177
3.8507462686567164
4.214285714285714
3.454198473282443
3.9523809523809526
3.905263157894737
4.125
4.011363636363637
3.4130434782608696
3.68
3.642857142857143
2.957894736842105
3.9125
3.5185185185185186
3.4954954954954953
4.2
4.216326530612245
2.5405405405405403
3.8461538461538463
3.4594594594594597
3.86
3.8157894736842106
3.1515151515151514
3.911764705882353
4.5701754385964914
3.5357142857142856
4.318181818181818
3.8214285714285716
3.163265306122449
3.7951807228915664
3.813953488372093
3.5098039215686274
2.8947368421052633
3.0
3.388663967611336
3.5384615384615383
3.3214285714285716
3.4201183431952664
3.23
3.217391304347826
3.197802197802198
3.355769230769231
4.142857142857143
3.7714285714285714
3.1739130434782608
3.2941176470588234
3.6770833333333335
4.785714285714286
3.75
3.230769230769231
3.0952380952380953
3.652173913043478
3.95959595959596
2.6164383561643834
3.7357142857142858
4.0
3.7211538461538463
3.1724137931034484
3.3544303797468356
4.205128205128205
3.6552795031055902
3.5172413793103448
3.923076923076923
4.274193548387097
3.408450704225352
3.412017167381974
4.195652173913044
3.978723404255319
3.7142857142857144
3.543859649122807
